% site name: KLSQ
% Time      North     err   East      err    Up       err
% year      mm        mm    mm        mm     mm       mm
2014.4552   -22.6     2.3    36.0     2.3   -12.8     3.6
2014.4580   -24.8     2.3    35.9     2.3   -13.4     3.5
2014.4610   -24.9     2.4    35.3     2.3   -15.9     3.7
2014.4633   -24.3     2.4    34.4     2.5   -14.2     3.7
2014.4660   -23.5     2.5    34.7     2.5   -15.8     3.8
2014.4690   -23.0     2.4    34.1     2.4   -16.6     3.6
2014.4720   -23.4     2.3    35.0     2.3   -17.4     3.5
2014.4743   -23.0     2.3    34.9     2.3   -10.7     3.6
2014.4800   -22.3     2.3    34.2     2.3   -11.3     3.5
2014.4830   -24.1     2.3    34.2     2.3   -22.1     3.6
2014.4852   -23.7     2.2    34.1     2.3   -10.2     3.4
2014.4910   -24.8     2.3    35.0     2.3   -20.8     3.6
2014.4940   -23.2     2.3    34.7     2.3   -12.6     3.5
2014.4962   -22.5     2.3    33.8     2.3   -10.4     3.5
2014.4990   -21.5     2.2    34.2     2.3   -10.9     3.4
2014.5020   -22.1     2.2    35.2     2.3   -11.6     3.4
2014.5043   -23.9     2.4    32.9     2.3   -11.7     3.7
2014.5072   -22.3     2.3    33.3     2.3   -12.5     3.6
2014.5100   -22.5     2.3    33.6     2.3   -11.1     3.5
2014.5130   -21.9     2.3    33.4     2.3   -13.2     3.4
2014.5153   -21.9     2.4    34.6     2.5   -10.1     3.7
2014.5181   -23.2     2.3    33.7     2.3   -12.7     3.5
2014.5210   -23.8     2.3    34.7     2.3   -13.2     3.5
2014.5240   -21.2     2.3    35.3     2.3   -11.8     3.6
2014.5263   -22.6     2.3    33.9     2.3   -12.4     3.5
2014.5290   -21.6     2.3    34.7     2.3    -9.0     3.5
2014.5320   -22.6     2.2    34.2     2.3   -12.1     3.4
2014.5350   -22.5     2.3    34.0     2.3   -11.9     3.5
2014.5373   -21.4     2.4    34.2     2.4   -11.2     3.7
2014.5400   -23.9     2.3    34.0     2.3    -6.7     3.6
2014.5430   -23.6     2.2    32.8     2.2    -8.2     3.4
2014.5460   -23.7     2.2    34.1     2.2    -9.8     3.4
2014.5482   -22.5     2.2    33.2     2.3   -11.7     3.4
2014.5510   -22.6     2.3    33.5     2.3    -5.8     3.5
2014.5540   -23.6     2.3    32.0     2.3   -10.6     3.6
2014.5570   -24.0     2.3    31.8     2.3    -3.9     3.5
2014.5592   -23.7     2.3    30.2     2.3   -10.3     3.5
2014.5620   -22.0     2.2    34.3     2.3    -6.6     3.4
2014.5650   -23.5     2.3    32.1     2.3   -10.0     3.5
2014.5673   -22.9     2.4    32.5     2.3    -6.7     3.7
2014.5701   -22.4     2.3    31.7     2.3    -6.5     3.5
2014.5730   -21.4     2.3    31.6     2.3    -7.6     3.6
2014.5760   -24.4     2.3    32.8     2.3   -12.7     3.5
2014.5783   -22.0     2.3    32.3     2.3    -9.7     3.6
2014.5810   -22.6     2.3    30.3     2.3    -8.7     3.6
2014.5840   -22.7     2.4    31.4     2.5    -8.6     3.8
2014.5870   -22.7     2.3    32.7     2.3    -4.4     3.6
2014.5893   -22.6     2.4    31.4     2.5   -12.8     3.9
2014.5920   -23.0     2.4    32.6     2.5   -12.3     3.9
2014.5950   -22.0     2.4    34.2     2.5    -3.5     3.7
2014.5980   -22.2     2.3    32.2     2.3    -8.5     3.6
2014.6002   -21.7     2.4    31.4     2.5    -2.3     3.7
2014.6030   -22.3     2.4    32.3     2.3    -4.9     3.7
2014.6060   -19.2     2.3    32.3     2.3    -3.6     3.6
2014.6090   -19.8     2.3    31.1     2.3   -10.6     3.5
2014.6112   -20.8     2.2    31.8     2.3    -5.3     3.4
2014.6170   -22.4     2.6    28.5     2.3    -6.6     3.6
2014.6193   -22.6     2.3    30.7     2.3    -6.9     3.7
2014.6221   -22.7     2.4    31.7     2.3    -1.6     3.5
2014.6250   -19.8     2.3    33.4     2.3   -16.6     3.7
2014.6280   -19.9     2.4    30.7     2.3     1.0     3.5
2014.6303   -22.6     2.3    30.2     2.3    -4.8     3.5
2014.6331   -23.3     2.3    30.9     2.4    -5.2     3.7
2014.6360   -21.8     2.4    30.8     2.4    -1.8     3.7
2014.6390   -21.8     2.4    30.6     2.5    -5.6     3.9
2014.6413   -22.8     2.6    29.9     2.3    -4.8     3.5
2014.6440   -22.0     2.3    29.8     2.3    -6.7     3.5
2014.6470   -20.9     2.3    30.1     2.3    -1.7     3.5
2014.6500   -21.8     2.3    29.5     2.3    -2.2     3.4
2014.6523   -20.5     2.2    29.8     2.3     0.2     3.5
2014.6550   -21.1     2.3    30.8     2.7    -2.5     4.6
2014.6580   -20.9     2.8    29.9     2.7    -1.8     4.1
2014.6610   -20.4     2.7    31.0     2.4    -1.0     3.7
2014.6632   -18.4     2.4    30.5     2.5     3.2     3.7
2014.6660   -19.4     2.4    30.6     2.5    -4.4     3.9
2014.6690   -20.6     2.4    30.9     2.3    -5.9     3.6
2014.6720   -21.1     2.3    30.4     2.4    -3.1     3.6
2014.6741   -20.1     2.4    28.1     2.4    -0.2     3.7
2014.6800   -18.7     2.4    29.9     2.5    -1.4     3.9
2014.6823   -17.1     2.4    29.1     2.3     3.3     3.6
2014.6851   -19.7     2.3    30.9     2.3    -3.4     3.6
2014.6880   -19.7     2.3    29.6     2.3    -1.7     3.5
2014.6910   -20.1     2.3    29.2     2.5    -2.5     3.8
2014.6933   -20.4     2.4    26.7     2.5     3.0     3.7
2014.6960   -19.0     2.4    28.4     2.5    -1.0     3.7
2014.6990   -22.5     2.4    27.9     2.7    -4.5     4.0
2014.7020   -20.2     2.6    29.2     2.3    -0.7     3.6
2014.7043   -20.1     2.3    28.6     2.3     2.8     3.4
2014.7070   -20.0     2.2    28.8     2.3    -2.1     3.4
2014.7100   -19.4     2.2    30.6     2.5    -3.9     3.8
2014.7130   -19.3     2.4    31.0     2.4    -4.2     3.6
2014.7152   -19.7     2.3    29.2     2.5     1.6     3.6
2014.7180   -17.5     2.3    28.1     2.6     2.6     3.9
2014.7210   -18.9     2.5    27.6     2.4     0.0     3.6
2014.7240   -20.7     2.3    28.2     2.3    -0.6     3.5
2014.7261   -17.7     2.3    28.1     2.7     5.1     3.8
2014.7290   -18.9     2.5    28.0     2.5     0.7     3.7
2014.7320   -20.7     2.5    27.7     2.5    -2.6     3.7
2014.7343   -22.2     2.5    26.6     2.5    -1.3     3.8
2014.7371   -20.9     2.4    27.7     2.7     1.9     3.9
2014.7400   -18.5     2.6    28.9     2.6    -1.4     3.9
2014.7430   -19.4     2.5    28.9     2.5    -2.6     3.6
2014.7453   -17.2     2.3    28.2     2.5     0.0     3.7
2014.7481   -17.8     2.5    29.2     2.7     4.6     4.1
2014.7510   -19.8     2.7    28.2     2.6    -3.3     3.9
2014.7540   -20.5     2.5    29.7     2.6    -0.3     3.9
2014.7563   -20.1     2.5    29.2     2.3    -4.7     3.5
2014.7590   -18.7     2.3    28.7     2.5    -0.5     3.6
2014.7620   -18.8     2.3    29.9     2.5    -2.0     3.6
2014.7650   -19.2     2.3    31.3     2.5    -6.6     3.7
2014.7673   -17.5     2.4    28.7     2.4    -4.6     3.6
2014.7700   -18.1     2.3    29.0     2.7    -2.8     3.9
2014.7730   -16.4     2.6    28.0     2.7     0.2     3.9
2014.7760   -17.3     2.4    28.5     2.5     2.3     3.6
2014.7781   -19.9     2.3    29.2     2.5    -2.8     3.9
2014.7810   -21.2     2.4    28.4     2.3   -11.2     3.5
2014.7840   -17.5     2.3    29.7     2.5    -0.9     3.7
2014.7864   -18.0     2.4    29.4     2.5    -4.0     3.7
2014.7891   -16.5     2.5    27.6     2.5     6.7     3.6
2014.7920   -19.6     2.3    28.7     2.5    -3.9     3.7
2014.7950   -17.8     2.4    28.7     2.5     0.5     3.6
2014.7973   -17.9     2.3    27.9     2.8    -4.1     4.2
2014.8001   -18.3     2.6    28.7     2.5    -4.3     3.7
2014.8030   -18.2     2.4    28.2     2.8     0.4     4.4
2014.8060   -21.2     2.8    28.0     2.7     4.4     4.0
2014.8083   -20.5     2.6    28.6     2.9     0.3     4.2
2014.8110   -19.1     2.6    28.1     2.6    -1.8     3.9
2014.8140   -19.6     2.5    29.3     2.7     2.6     4.1
2014.8170   -18.7     2.7    28.5     2.5     3.9     3.7
2014.8193   -18.0     2.3    29.2     2.6     3.2     3.9
2014.8220   -16.4     2.5    29.9     3.0     1.6     4.4
2014.8250   -18.0     2.7    29.5     2.9    -3.2     4.3
2014.8280   -19.3     2.7    29.0     2.5    -6.7     3.6
2014.8302   -21.2     2.3    27.8     2.5    -5.1     3.7
2014.8330   -17.0     2.4    27.0     2.6    -3.3     3.9
2014.8360   -17.9     2.5    26.8     2.5    -0.5     3.8
2014.8390   -18.7     2.4    27.0     2.5    -1.5     3.7
2014.8411   -19.5     2.4    28.0     2.3    -1.8     3.6
2014.8440   -20.2     2.3    25.4     2.9    -1.4     4.3
2014.8470   -19.4     2.7    26.4     2.6     1.4     3.9
2014.8493   -19.7     2.5    26.3     2.4     2.3     3.6
2014.8521   -20.6     2.4    26.3     2.8     2.9     4.0
2014.8550   -18.2     2.6    26.9     2.5    -0.6     3.7
2014.8580   -18.5     2.4    26.5     2.6     1.3     4.0
2014.8603   -20.2     2.5    28.1     2.9    -1.5     4.6
2014.8631   -18.6     2.8    26.1     2.4    -3.5     3.6
2014.8660   -17.8     2.4    26.4     2.5    -2.5     3.7
2014.8690   -19.0     2.4    25.2     2.5    -3.1     3.8
2014.8713   -17.8     2.4    26.3     2.6    -4.7     3.9
2014.8740   -18.5     2.5    26.1     2.8    -6.2     4.1
2014.8770   -20.8     2.6    25.5     3.3    -1.1     4.9
2014.8800   -20.1     2.8    25.2     2.5    -3.4     3.8
2014.8823   -19.1     2.4    25.6     2.6     0.5     3.9
2014.8850   -20.1     2.5    26.4     2.5     0.4     3.9
2014.8910   -19.2     2.4    25.6     2.7     1.7     4.2
2014.8931   -18.8     2.7    27.8     2.8    -0.1     4.1
2014.8990   -20.5     2.6    25.6     2.6     2.5     4.0
2014.9014   -19.7     2.9    27.0     2.3    -4.3     3.6
2014.9041   -18.1     2.5    27.2     2.3    -4.3     3.6
2014.9070   -19.9     2.3    24.3     2.6    -1.4     3.9
2014.9100   -20.8     2.3    25.6     2.5     2.2     3.8
2014.9123   -18.0     2.5    25.5     2.5    -3.5     3.7
2014.9151   -19.0     2.4    24.8     2.6    -0.1     3.8
2014.9180   -19.9     2.4    24.6     2.7    -5.8     4.1
2014.9210   -20.8     2.4    25.6     3.0    -2.3     4.3
2014.9233   -21.2     2.5    24.6     2.5     2.0     3.7
2014.9260   -19.7     2.6    26.1     2.6    -2.1     3.9
2014.9290   -22.8     2.4    25.9     2.5   -12.1     3.8
2014.9320   -20.4     2.5    26.3     2.7     0.1     4.0
2014.9343   -19.5     2.4    24.5     3.3    -2.7     5.0
2014.9370   -20.4     2.4    24.3     2.6     1.3     3.9
2014.9400   -20.1     3.0    24.8     2.8     3.5     3.8
2014.9430   -20.9     2.5    25.3     2.5    -1.2     3.9
2014.9451   -20.1     2.5    25.3     2.4     0.9     3.6
2014.9480   -21.2     2.4    20.1     2.9   -10.0     4.6
2014.9510   -20.2     2.3    24.6     2.5     0.7     3.7
2014.9534   -19.0     2.8    25.0     2.8     0.6     4.3
2014.9561   -19.9     2.4    24.1     2.6     1.2     4.1
2014.9590   -20.3     2.7    23.3     2.4    -2.8     3.6
2014.9620   -18.6     2.6    25.0     2.5    -3.6     3.7
2014.9643   -18.4     2.3    23.5     2.4    -7.3     3.6
2014.9671   -19.3     2.4    23.8     2.5    -9.0     3.8
2014.9700   -19.7     2.3    24.3     2.5    -4.2     3.7
2014.9730   -19.3     2.4    23.6     3.0    -6.1     4.5
2014.9753   -19.2     2.4    24.1     2.6    -8.4     3.9
2014.9781   -19.5     2.8    24.2     2.5   -12.3     3.8
2014.9810   -17.3     2.5    25.6     2.6    -2.4     3.9
2014.9840   -17.1     2.4    26.4     2.6     1.5     3.9
2014.9863   -17.3     2.5    24.6     2.8    -4.9     4.0
2014.9890   -14.9     2.5    25.4     2.5     3.4     3.7
2014.9920   -17.3     2.6    25.2     2.6     8.1     3.9
2014.9950   -17.8     2.4    22.0     3.0    -2.6     4.6
2014.9973   -16.1     2.5    23.5     2.8     3.8     3.9
2015.0000   -17.5     2.9    22.8     2.3     3.7     3.6
2015.0030   -18.2     2.5    22.9     2.3     2.7     3.7
2015.0054   -18.6     2.3    22.1     2.5     1.0     3.7
2015.0081   -18.4     2.4    22.4     2.5    -4.5     3.7
2015.0110   -17.4     2.5    22.8     2.8    -6.2     4.6
2015.0140   -16.7     2.4    22.8     2.6    -4.3     3.9
2015.0164   -17.0     2.9    22.0     2.6     1.7     3.9
2015.0191   -16.0     2.5    24.1     2.8     5.2     4.3
2015.0220   -17.5     2.5    23.0     2.5     4.4     3.8
2015.0250   -18.4     2.7    23.5     2.5     3.9     3.7
2015.0273   -17.9     2.4    23.6     2.5    -0.6     3.7
2015.0301   -17.8     2.4    22.4     2.5    -2.8     3.8
2015.0330   -16.5     2.4    22.0     2.5     4.1     3.7
2015.0360   -18.0     2.4    22.3     2.5     0.0     3.7
2015.0383   -17.0     2.4    22.6     2.3    -1.3     3.5
2015.0410   -17.3     2.4    23.3     2.3    -1.9     3.5
2015.0440   -18.3     2.3    24.5     2.5    -1.2     3.7
2015.0470   -14.1     2.3    23.2     2.3    -1.1     3.6
2015.0493   -20.4     2.4    23.4     2.3    -6.8     3.7
2015.0520   -16.5     2.3    22.2     2.3    -8.8     3.6
2015.0550   -13.4     2.4    23.6     2.3    -5.2     3.5
2015.0574   -15.6     2.3    22.4     2.5    -3.2     3.7
2015.0601   -16.7     2.3    24.8     2.6    -4.0     4.0
2015.0630   -17.8     2.4    24.3     2.5    -4.1     3.6
2015.0660   -14.5     2.5    24.3     2.5    -0.4     3.7
2015.0684   -15.5     2.3    25.2     2.5    -0.3     3.7
2015.0711   -15.5     2.4    22.8     2.8     1.6     4.2
2015.0740   -15.8     2.4    22.5     2.6     1.9     4.0
2015.0770   -16.6     2.6    24.2     2.4    -8.4     3.6
2015.0793   -15.4     2.5    22.4     2.6    -6.4     4.0
2015.0821   -16.4     2.4    20.8     2.5    -7.7     3.9
2015.0850   -15.8     2.5    21.5     2.6    -5.2     3.9
2015.0880   -16.3     2.4    22.8     2.6    -3.4     3.9
2015.0903   -19.7     2.5    25.1     3.0    -0.7     4.6
2015.0931   -16.8     2.5    22.7     2.8    -0.1     4.2
2015.0960   -15.8     2.7    24.2     2.6     4.9     3.8
2015.0990   -15.2     2.6    20.9     2.5    -2.3     3.9
2015.1013   -14.8     2.4    22.0     2.5    -2.6     3.7
2015.1040   -16.2     2.4    22.7     2.6     2.3     3.9
2015.1070   -17.5     2.4    24.1     2.6     5.5     4.0
2015.1094   -15.9     2.5    22.9     2.5    -1.0     3.9
2015.1123   -14.4     2.5    22.5     2.6    -1.0     3.9
2015.1150   -16.6     2.4    23.2     2.5    -0.2     3.8
2015.1180   -16.3     2.5    23.4     2.6     5.0     3.9
2015.1204   -15.1     2.4    22.6     2.3    -3.7     3.6
2015.1231   -13.1     2.5    20.5     2.4     1.2     3.7
2015.1260   -13.1     2.3    20.7     2.5    -0.3     3.9
2015.1290   -13.1     2.3    22.5     2.5    -4.1     3.7
2015.1314   -13.1     2.4    23.8     2.8    -5.4     4.7
2015.1341   -13.3     2.4    23.2     2.8    -0.9     4.2
2015.1370   -14.7     2.8    23.0     2.6    -5.2     4.0
2015.1400   -13.5     2.6    22.4     2.5    -7.5     3.8
2015.1423   -14.1     2.5    22.8     2.5    -7.6     3.9
2015.1451   -15.3     2.4    21.7     2.5    -1.5     3.8
2015.1480   -14.1     2.4    22.7     3.0    -6.5     4.7
2015.1510   -13.9     2.4    21.4     2.5    -4.8     3.9
2015.1533   -11.3     2.9    20.9     2.5    -2.7     3.8
2015.1560   -13.9     2.4    21.5     2.3    -7.4     3.7
2015.1590   -11.6     2.4    22.6     2.5    -5.4     3.7
2015.1614   -13.8     2.4    21.1     2.8    -0.5     4.2
2015.1643   -14.8     2.4    21.8     2.8    -2.9     4.3
2015.1670   -13.2     2.6    22.4     3.0    -3.9     4.6
2015.1700   -13.7     2.7    20.1     2.6    -5.5     3.9
2015.1724   -14.1     2.7    22.1     2.5    -2.9     3.7
2015.1751   -13.6     2.5    21.3     2.5    -1.2     3.8
2015.1780   -13.4     2.4    21.0     2.6    -1.6     4.1
2015.1810   -13.2     2.5    21.5     2.8    -0.8     4.3
2015.1834   -13.0     2.6    21.7     2.7    -1.7     4.1
2015.1861   -12.7     2.7    23.6     2.5    -2.1     3.8
2015.1890   -14.1     2.5    21.5     2.5    -5.5     3.7
2015.1920   -14.8     2.4    22.3     2.5    -8.9     3.9
2015.1943   -11.9     2.4    21.1     2.5   -11.7     3.8
2015.1971   -12.3     2.4    22.4     2.4    -8.7     3.6
2015.2000   -15.0     2.4    22.7     2.5    -7.9     3.8
2015.2030   -14.4     2.3    23.1     2.5   -15.1     3.8
2015.2053   -12.3     2.4    23.2     2.3   -15.4     3.6
2015.2081   -12.7     2.4    22.9     2.8   -13.9     4.6
2015.2110   -12.3     2.3    22.4     2.8   -11.1     4.4
2015.2140   -18.0     2.9    23.1     2.7   -15.3     4.3
2015.2163   -12.3     2.8    22.3     2.7    -1.8     4.0
2015.2190   -12.5     2.7    22.3     2.5    -1.1     3.8
2015.2220   -11.9     2.6    20.6     2.5    -5.9     3.7
2015.2244   -14.4     2.4    20.5     2.6    -1.7     3.9
2015.2272   -17.7     2.4    22.4     2.5     1.7     3.8
2015.2300   -13.3     2.5    21.3     2.5     2.5     3.8
2015.2330   -14.2     2.4    20.6     2.5    -0.2     3.8
2015.2354   -13.0     2.4    22.1     2.5    -0.3     4.0
2015.2381   -14.1     2.4    21.7     2.5     2.1     3.8
2015.2410   -12.1     2.5    18.5     2.9    -2.1     4.5
2015.2440   -12.2     2.4    20.0     2.5     4.0     3.8
2015.2464   -12.3     2.8    20.8     2.5    -0.7     3.9
2015.2491   -11.5     2.4    20.7     2.5    -3.0     3.8
2015.2520   -11.8     2.4    21.4     2.6    -1.0     3.9
2015.2550   -11.0     2.4    20.8     2.3    -2.2     3.5
2015.2573   -11.3     2.5    20.3     2.5    -1.5     3.8
2015.2601   -14.1     2.3    21.8     2.5    -2.9     3.7
2015.2630   -11.3     2.4    21.5     2.3     0.3     3.7
2015.2660   -15.0     2.4    19.5     2.3     0.7     3.6
2015.2683   -13.2     2.4    19.8     2.4     0.2     3.6
2015.2710   -11.6     2.3    19.9     2.5     2.6     3.8
2015.2740   -12.4     2.3    20.7     2.8     2.9     4.6
2015.2764   -10.8     2.4    22.5     2.5     1.3     4.0
2015.2792   -12.6     2.9    20.3     2.3    -2.2     3.6
2015.2820   -12.7     2.5    21.7     2.3     6.5     3.7
2015.2850   -10.7     2.3    22.0     2.4     3.7     3.7
2015.2874   -12.1     2.4    21.2     2.5     0.0     3.9
2015.2901   -12.7     2.3    20.8     3.0    -1.6     4.7
2015.2930   -11.7     2.4    19.4     2.7     0.3     3.9
2015.2960   -11.6     2.9    21.9     2.5    -4.2     3.8
2015.2984   -12.3     2.6    21.5     2.5    -1.6     3.8
2015.3011   -11.3     2.4    21.0     2.4    -3.4     3.7
2015.3040   -11.3     2.4    22.0     2.5    -3.5     3.8
2015.3070   -11.7     2.5    19.7     2.3   -10.6     3.6
2015.3093   -12.0     2.4    20.4     2.3    -6.0     3.5
2015.3121   -11.6     2.3    19.5     2.3    -9.8     3.6
2015.3150   -12.6     2.3    19.6     2.2   -10.3     3.3
2015.3180   -12.0     2.3    19.1     2.3   -11.6     3.4
2015.3203   -14.7     2.2    19.8     2.5    -5.8     3.8
2015.3231   -13.9     2.3    20.5     2.3   -11.3     3.6
2015.3260   -13.2     2.4    20.5     2.3    -7.8     3.5
2015.3284   -15.7     2.3    20.0     2.3   -12.2     3.6
2015.3312   -13.1     2.3    20.1     2.3    -7.8     3.5
2015.3340   -11.6     2.3    20.8     2.3    -7.8     3.7
2015.3370   -11.5     2.3    20.6     2.3    -6.0     3.5
2015.3394   -12.6     2.4    19.8     2.3    -6.8     3.5
2015.3422   -13.2     2.3    19.6     2.3    -3.8     3.6
2015.3450   -13.6     2.3    18.5     2.6    -8.9     3.8
2015.3480   -11.8     2.3    20.4     2.3    -5.5     3.4
2015.3504   -13.4     2.4    21.6     2.3    -9.5     3.5
2015.3560   -13.9     2.2    20.0     2.5    -7.7     3.9
2015.3590   -12.6     2.3    19.9     2.4    -2.7     3.7
2015.3614   -12.7     2.4    18.2     2.4    -4.8     3.7
2015.3641   -11.2     2.5    19.8     2.7    -8.8     4.1
2015.3670   -12.2     2.5    19.0     2.3    -6.7     3.5
2015.3700   -11.5     2.7    18.8     2.3    -8.0     3.4
2015.3723   -12.4     2.3    17.9     2.4   -10.5     3.6
2015.3751   -11.2     2.2    19.6     2.3    -4.2     3.5
2015.3780   -17.1     2.4    18.9     2.3    -9.8     3.6
2015.3810   -11.8     2.3    18.8     2.3    -4.8     3.5
2015.3833   -11.3     2.3    19.9     2.3    -2.2     3.5
2015.3860   -10.9     2.3    17.8     2.3    -7.5     3.4
2015.3890   -12.9     2.3    18.3     2.2    -2.9     3.4
2015.3914   -13.4     2.2    17.1     2.2    -0.9     3.3
2015.3942   -12.5     2.2    18.2     2.5    -6.4     3.8
2015.3970   -13.1     2.2    19.0     2.2    -6.7     3.3
2015.4000   -12.0     2.4    18.6     2.3    -8.2     3.5
2015.4024   -12.2     2.2    18.3     2.3   -10.1     3.5
2015.4051   -12.7     2.3    19.3     2.3    -8.2     3.4
2015.4080   -13.5     2.3    16.9     2.3    -5.9     3.4
2015.4110   -11.9     2.2    16.4     2.3    -7.8     3.4
2015.4134   -12.7     2.2    19.0     2.3    -3.3     3.5
2015.4161   -12.3     2.2    18.3     2.3    -2.8     3.6
2015.4190   -11.3     2.3    18.9     2.2    -8.7     3.4
2015.4220   -12.3     2.3    18.2     2.2   -10.9     3.3
2015.4243   -12.7     2.2    18.9     2.2   -11.9     3.3
2015.4271   -12.4     2.2    18.3     2.3    -6.1     3.4
2015.4300   -12.9     2.2    18.1     2.3   -10.7     3.4
2015.4330   -12.7     2.2    18.6     2.3   -10.3     3.6
2015.4353   -11.7     2.2    20.5     2.5    -4.2     3.9
2015.4381   -12.0     2.3    19.3     2.4    -4.2     3.6
2015.4410   -12.4     2.6    18.1     2.3    -9.0     3.6
2015.4434   -10.3     2.4    18.3     2.5    -9.4     3.8
2015.4462   -10.1     2.3    16.5     2.3    -8.8     3.5
2015.4490    -9.2     2.4    17.8     2.3    -9.9     3.6
2015.4520   -11.9     2.3    18.0     2.5   -13.4     3.7
2015.4544   -10.0     2.3    17.5     2.5   -12.0     3.7
2015.4572   -10.6     2.4    18.3     2.3    -5.9     3.5
2015.4600   -10.4     2.4    17.8     2.5    -4.8     3.8
2015.4630   -11.6     2.3    18.7     2.3    -1.9     3.6
2015.4654   -10.5     2.4    18.5     2.3   -10.4     3.5
2015.4681   -11.6     2.3    18.8     2.3    -9.5     3.4
2015.4710   -11.2     2.3    18.8     2.2    -6.6     3.4
2015.4740    -9.8     2.2    19.5     2.5    -6.9     3.7
2015.4764   -11.0     2.2    16.1     2.5    -7.9     4.0
2015.4791   -12.1     2.4    17.8     2.5    -9.2     3.8
2015.4820   -10.2     2.6    18.5     2.6    -6.9     4.1
2015.4850   -12.2     2.4    20.0     2.3    -9.3     3.6
2015.4873   -11.9     2.6    17.7     2.3    -9.0     3.5
2015.4901   -11.6     2.3    16.2     2.3    -9.4     3.6
2015.4930   -10.5     2.3    18.0     2.3    -9.4     3.4
2015.4960   -11.9     2.3    18.1     2.3   -11.6     3.5
2015.4982   -11.5     2.3    17.7     2.3    -8.5     3.5
2015.5010   -11.0     2.3    17.0     2.3   -16.5     3.4
2015.5040    -9.9     2.3    19.5     2.2   -12.9     3.4
2015.5064   -11.7     2.2    18.4     2.3   -16.2     3.5
2015.5092    -9.8     2.2    17.5     2.5   -11.7     3.8
2015.5120    -8.9     2.3    19.0     2.4   -10.6     3.7
2015.5150    -8.4     2.4    17.6     2.3    -7.3     3.5
2015.5174   -12.1     2.4    18.2     2.3   -10.4     3.5
2015.5201    -9.2     2.3    17.4     2.3   -10.9     3.4
2015.5230   -10.7     2.3    17.1     2.3   -12.9     3.4
2015.5260   -11.5     2.2    16.8     2.5   -15.5     3.8
2015.5284   -10.2     2.2    16.1     2.4    -9.1     3.7
2015.5311   -10.1     2.4    17.1     2.7    -5.9     4.4
2015.5340   -11.1     2.4    17.2     2.4   -13.7     3.6
2015.5370    -9.2     2.8    17.3     2.3    -7.9     3.5
2015.5393    -9.0     2.4    15.9     2.3   -10.8     3.6
2015.5421   -10.0     2.3    18.5     2.3   -10.5     3.5
2015.5450    -9.1     2.3    17.1     2.3    -9.3     3.4
2015.5480   -10.2     2.3    17.3     2.3   -11.2     3.4
2015.5502   -10.2     2.2    16.6     2.3   -11.6     3.4
2015.5531    -9.9     2.2    15.9     2.3   -10.7     3.5
2015.5560   -11.0     2.2    16.0     2.3   -10.6     3.5
2015.5584   -11.5     2.3    17.3     2.5   -10.6     3.9
2015.5612    -9.7     2.3    17.0     2.3    -8.2     3.5
2015.5640   -11.4     2.6    16.9     2.4    -7.0     3.6
2015.5670   -10.7     2.3    16.5     2.3    -9.9     3.5
2015.5694   -11.5     2.4    15.3     2.3   -12.9     3.5
2015.5722   -11.4     2.3    15.8     2.5    -4.8     3.8
2015.5750   -11.4     2.3    16.1     2.3    -4.9     3.6
2015.5780   -10.1     2.4    17.0     2.3    -7.3     3.6
2015.5804    -9.9     2.3    14.9     2.4    -4.1     3.7
2015.5831   -10.6     2.3    14.5     2.3    -6.4     3.5
2015.5860    -9.9     2.4    15.6     2.4    -7.1     3.6
2015.5890   -10.6     2.3    16.5     2.3    -0.8     3.6
2015.5914    -9.5     2.4    16.0     2.3    -9.3     3.6
2015.5941    -8.2     2.3    13.5     2.3    -2.3     3.6
2015.5970   -11.4     2.3    16.4     2.5    -3.1     3.7
2015.6000   -12.3     2.3    15.8     2.4     0.4     3.7
2015.6022   -12.2     2.4    14.7     2.4    -4.0     3.7
2015.6051   -11.4     2.4    15.7     2.4    -1.8     3.7
2015.6080    -8.8     2.4    15.7     2.3    -3.9     3.7
2015.6110    -9.0     2.5    15.3     2.4    -4.2     3.7
2015.6132    -9.2     2.4    15.6     2.5    -6.1     3.8
2015.6160    -9.7     2.4    17.1     2.4    -4.4     3.7
2015.6190   -10.5     2.4    13.7     2.3    -2.6     3.4
2015.6214    -9.3     2.5    16.4     2.5     1.4     3.8
2015.6242   -10.9     2.2    13.8     2.5    -1.0     3.9
2015.6270    -8.1     2.5    15.0     2.6     1.0     3.9
2015.6300   -10.2     2.6    15.8     2.3    -0.3     3.6
2015.6324    -7.2     2.5    15.8     2.6    -3.7     3.9
2015.6351   -10.7     2.3    15.3     2.4    -6.3     3.6
2015.6380    -9.0     2.5    14.8     2.3    -2.6     3.4
2015.6410   -10.6     2.4    13.5     2.3    -6.5     3.5
2015.6434   -10.1     2.2    15.0     2.5    -5.8     3.8
2015.6461    -8.6     2.3    15.1     2.3    -9.0     3.5
2015.6490    -8.9     2.4    15.6     2.5    -7.9     3.8
2015.6520    -9.1     2.3    14.6     2.5    -0.7     4.0
2015.6542   -10.1     2.4    12.9     2.5    -4.7     4.0
2015.6571    -9.9     2.5    13.4     2.5    -5.8     4.1
2015.6600    -9.8     2.5    13.8     2.4     1.0     3.6
2015.6630    -9.8     2.6    14.4     2.3    -1.8     3.4
2015.6652    -8.3     2.4    14.3     2.3    -5.0     3.5
2015.6680    -9.4     2.2    13.3     2.3    -4.5     3.5
2015.6710    -7.2     2.3    14.3     2.4    -4.8     3.7
2015.6734    -7.7     2.3    14.4     2.4    -4.0     3.6
2015.6762    -8.4     2.4    15.3     2.5    -3.5     3.8
2015.6790    -8.8     2.4    14.8     2.3    -2.5     3.5
2015.6820    -9.1     2.5    14.8     2.5    -2.7     3.7
2015.6844    -8.3     2.3    14.2     2.6     0.2     4.0
2015.6872    -7.7     2.4    14.5     2.5    -1.9     3.8
2015.6900    -7.5     2.7    12.3     2.6     3.1     4.1
2015.6930    -8.9     2.4    14.4     2.3    -0.3     3.6
2015.6954    -8.7     2.6    13.6     2.6    -0.9     4.1
2015.6981    -7.6     2.3    13.6     2.4    -1.6     3.5
2015.7010    -7.7     2.6    14.6     2.3    -2.6     3.6
2015.7040    -9.6     2.4    13.7     2.5    -4.6     3.7
2015.7064    -6.9     2.3    14.4     2.5     5.8     3.7
2015.7091    -7.5     2.4    12.4     2.4     1.1     3.5
2015.7120    -7.4     2.4    12.5     2.5    -1.3     3.6
2015.7150    -7.4     2.4    12.5     2.6    -5.4     3.9
2015.7172    -9.6     2.3    11.6     2.4    -3.7     3.6
2015.7200    -7.8     2.5    12.1     2.7    -6.4     4.1
2015.7230    -7.4     2.4    14.3     2.3     0.7     3.4
2015.7260    -8.7     2.7    12.5     2.3     1.2     3.4
2015.7282    -7.8     2.2    12.9     2.3    -0.5     3.5
2015.7310    -8.5     2.2    11.7     2.4     1.2     3.6
2015.7340    -9.8     2.3    13.3     2.3    -4.1     3.4
2015.7364    -9.4     2.4    12.7     2.3    -1.6     3.4
2015.7392   -10.0     2.2    13.1     2.3     0.6     3.5
2015.7420    -8.3     2.2    12.7     2.4     0.9     3.6
2015.7450    -7.8     2.3    13.0     2.3     1.1     3.6
2015.7474    -8.1     2.4    13.3     2.3    -6.4     3.5
2015.7501    -9.2     2.3    12.9     2.7    -2.4     4.1
2015.7530    -9.0     2.3    11.8     2.7    -6.2     3.9
2015.7560    -6.4     2.7    11.4     2.6    -4.8     4.0
2015.7584    -9.7     2.6    11.2     2.6    -9.3     3.9
2015.7611    -9.4     2.5    11.8     2.5    -5.9     3.7
2015.7640    -8.2     2.5    10.5     2.5    -5.5     3.8
2015.7670    -8.3     2.4    11.9     2.9    -2.3     4.6
2015.7692    -7.7     2.5    12.2     2.9    -6.4     4.4
2015.7720    -9.1     3.0    11.8     2.8    -3.0     4.1
2015.7750    -8.7     2.9    11.0     2.4    -0.7     3.7
2015.7780    -7.9     2.6    12.1     2.5     0.0     3.8
2015.7802   -10.4     2.4    11.8     2.5    -1.4     3.7
2015.7830    -5.2     2.4    12.2     2.6     3.6     3.9
2015.7860    -6.6     2.4    10.6     2.6     1.7     4.0
2015.7884    -7.6     2.5    10.9     2.5    -0.9     3.8
2015.7912    -9.7     2.5    11.4     2.3    -1.7     3.5
2015.7940    -8.7     2.5    11.0     2.5    -2.0     3.8
2015.7970   -10.1     2.3    11.2     2.5    -5.7     3.9
2015.7994    -8.1     2.4    11.0     2.2    -2.2     3.4
2015.8022    -6.7     2.4    12.7     2.5    -1.4     3.7
2015.8050    -7.9     2.2    11.3     2.3    -5.7     3.6
2015.8080    -8.4     2.4    11.3     2.4    -3.0     3.6
2015.8104    -7.9     2.3     9.8     2.5    -0.7     3.7
2015.8131    -7.4     2.4    11.0     2.5    -2.2     3.6
2015.8160    -7.4     2.4    11.1     2.3     4.7     3.5
2015.8190    -8.5     2.3     9.5     2.3    -2.0     3.4
2015.8214    -8.0     2.3    10.8     2.3    -2.6     3.6
2015.8240    -7.8     2.2    11.5     2.3    -4.0     3.4
2015.8270    -7.1     2.3     9.6     2.3    -4.2     3.4
2015.8300    -5.6     2.2    10.4     2.5    -4.2     3.7
2015.8322    -7.7     2.2     9.9     2.3    -0.3     3.6
2015.8350    -7.8     2.4     9.7     2.7    -1.0     4.2
2015.8380    -7.1     2.3    11.0     2.3    -2.1     3.4
2015.8432    -6.6     2.7     9.6     2.8    -5.6     4.5
2015.8460    -6.6     2.2    10.1     2.7    -4.8     3.9
2015.8490    -8.3     2.8    10.9     2.6    -1.6     3.8
2015.8542    -9.0     2.6     9.3     2.7     1.7     4.0
2015.8570    -8.4     2.4    10.1     3.0     2.7     5.0
2015.8600    -7.4     2.6     8.3     3.2     0.5     5.0
2015.8651    -7.8     3.0     9.8     2.3    -0.3     3.4
2015.8680    -8.1     3.0     9.1     2.5    -0.9     3.6
2015.8710    -9.0     2.2     9.1     2.4    -3.7     3.6
2015.8734    -8.9     2.3     8.6     2.5    -5.3     3.7
2015.8760    -9.4     2.3     9.6     2.8    -5.9     4.4
2015.8790    -8.7     2.4     9.7     2.3    -4.6     3.5
2015.8820    -7.1     2.7     9.1     2.5    -2.6     3.8
2015.8842    -6.9     2.3    10.5     2.5    -0.3     3.7
2015.8870    -7.3     2.4     9.7     2.3    -0.9     3.5
2015.8900    -7.8     2.4    10.4     2.5    -2.6     3.7
2015.8930    -7.3     2.3     8.3     2.3     1.0     3.5
2015.8952    -8.5     2.4     9.0     2.3    -0.7     3.4
2015.8980    -7.5     2.3     8.8     2.3    -3.4     3.3
2015.9010    -8.1     2.2     8.8     2.3    -1.5     3.4
2015.9034    -8.7     2.1     9.8     2.3    -0.8     3.5
2015.9062    -8.9     2.2     9.2     2.4    -3.7     3.7
2015.9090    -8.3     2.3     8.3     2.5    -3.9     3.6
2015.9120    -9.8     2.3     7.3     2.5    -4.1     3.6
2015.9144    -8.9     2.3     9.0     2.5    -3.5     3.7
2015.9172    -6.9     2.3     8.0     2.5    -2.0     3.9
2015.9200    -7.2     2.4     9.2     2.3    -1.6     3.6
2015.9230   -10.5     2.4     9.5     2.3     1.7     3.4
2015.9254    -8.9     2.3     9.9     2.3    -1.7     3.6
2015.9281    -9.8     2.2     8.2     2.6    -2.4     3.9
2015.9310    -8.2     2.3     6.6     2.7    -5.2     4.1
2015.9340    -9.3     2.5     9.3     2.6    -3.7     3.9
2015.9364    -8.5     2.5     8.7     2.3    -2.5     3.6
2015.9390    -9.6     2.5     8.6     2.3    -2.5     3.6
2015.9420    -9.1     2.3     8.9     2.6    -9.3     4.0
2015.9450   -10.7     2.3     7.3     2.8    -8.7     4.0
2015.9472    -9.6     2.5     8.9     2.4    -4.6     3.7
2015.9500    -8.3     2.6     7.1     2.3    -5.9     3.6
2015.9530    -6.2     2.4     8.8     2.5    -5.5     3.8
2015.9560    -7.6     2.3     8.4     2.5    -4.0     3.6
2015.9582    -9.1     2.4     9.1     2.3    -4.6     3.6
2015.9610    -6.5     2.3     7.7     2.5    -3.6     3.6
2015.9640    -6.6     2.3     8.0     2.3     0.4     3.5
2015.9664    -8.1     2.3     8.3     2.4     1.2     3.7
2015.9692    -7.7     2.3     7.9     3.0     3.5     4.9
2015.9720    -7.1     2.3     6.8     2.8     5.1     4.3
2015.9750    -8.7     2.9     7.8     2.5     3.8     3.7
2015.9774    -8.9     2.6     8.0     2.5    -1.6     3.7
2015.9801    -6.6     2.4     8.8     2.5     1.0     3.6
2015.9830    -7.7     2.4     6.7     2.3    -6.8     3.6
2015.9860   -10.0     2.3     9.1     2.5    -6.5     3.7
2015.9884    -6.1     2.3     7.1     2.5     5.6     3.6
2015.9910    -6.8     2.4     7.6     2.3     0.7     3.4
2015.9940    -6.9     2.3     6.9     2.4     2.2     3.5
2015.9970    -6.9     2.2     8.2     2.3     4.4     3.4
2015.9992    -5.9     2.2     6.3     2.7     0.9     4.2
2016.0020    -4.8     2.3     6.7     2.6    -1.5     3.9
2016.0050    -5.6     2.7     6.6     2.3    -2.8     3.6
2016.0080    -5.2     2.5     7.1     2.3    -8.9     3.5
2016.0102    -6.3     2.3     6.1     2.3    -3.4     3.4
2016.0130    -6.5     2.3     8.5     2.3    -4.9     3.4
2016.0160    -3.4     2.2     6.6     2.5    -2.8     3.9
2016.0184    -7.6     2.2     5.4     2.3    -4.7     3.5
2016.0212    -5.4     2.4     6.6     2.3    -2.0     3.5
2016.0240    -6.5     2.3     7.2     2.3    -2.8     3.5
2016.0270    -5.7     2.3     6.3     2.3    -6.2     3.6
2016.0294    -5.7     2.3     6.6     2.6    -8.3     3.9
2016.0322    -5.0     2.3     7.8     2.5    -8.7     3.8
2016.0350    -6.8     2.5     6.0     2.5    -5.8     3.7
2016.0380    -5.1     2.4     7.6     2.5    -5.6     3.6
2016.0404    -7.0     2.4     6.8     2.3     1.2     3.5
2016.0430    -5.2     2.3     8.8     2.2    -9.7     3.4
2016.0460    -4.5     2.3     6.7     2.3    -0.4     3.6
2016.0490    -7.5     2.2     6.3     2.2    -1.9     3.4
2016.0513    -8.2     2.3     6.1     2.5    -4.5     3.8
2016.0540    -3.3     2.2     6.1     2.6     4.4     4.4
2016.0570    -3.9     2.4     6.1     2.6     2.3     4.1
2016.0600    -6.9     2.7     6.9     2.5    -1.7     3.7
2016.0622    -5.9     2.6     8.4     2.3     0.9     3.5
2016.0650    -3.8     2.4     6.6     2.3     3.4     3.6
2016.0680    -6.9     2.3     6.6     2.2    -1.7     3.4
2016.0710    -6.7     2.3     6.9     2.3     0.8     3.4
2016.0732    -6.9     2.2     7.5     2.3    -2.5     3.5
2016.0760    -5.3     2.2     6.5     2.3    -1.5     3.6
2016.0790    -6.4     2.3     7.0     2.3     2.8     3.5
2016.0814    -5.4     2.3     8.1     2.2    -0.7     3.4
2016.0842    -4.0     2.3     6.5     2.6    -2.7     4.2
2016.0870    -4.9     2.2     6.6     2.3    -4.3     3.6
2016.0900    -3.9     2.6     5.8     2.3    -8.3     3.5
2016.0924    -4.4     2.3     5.6     2.5    -0.2     3.7
2016.0950    -3.5     2.3     6.8     2.3    -0.1     3.5
2016.0980    -4.7     2.4     6.2     2.5    -2.4     3.9
2016.1010    -4.2     2.3     6.4     2.5    -0.9     3.8
2016.1033    -3.0     2.4     5.9     2.6    -1.3     4.0
2016.1060    -6.0     2.4     6.2     2.4    -1.1     3.7
2016.1090    -4.2     2.5     6.0     2.5    -2.3     3.7
2016.1120    -2.6     2.3     5.3     2.4     2.2     3.6
2016.1142    -3.2     2.4     7.5     2.7    -2.3     4.2
2016.1170    -4.8     2.4     6.5     2.5    -1.0     3.9
2016.1200    -5.2     2.6     6.4     2.3    -4.9     3.4
2016.1230    -5.2     2.4     6.9     2.5     0.5     3.7
2016.1252    -2.1     2.2     6.6     2.4    -1.5     3.7
2016.1280    -1.5     2.4     4.7     2.9     4.6     4.7
2016.1310    -4.6     2.3     6.8     2.6     3.2     3.9
2016.1334    -5.7     2.8     9.0     2.8     1.0     4.1
2016.1362    -5.0     2.5     6.7     2.5     1.6     4.0
2016.1390    -1.3     2.6     6.2     2.3    -1.1     3.5
2016.1420    -0.4     2.4     5.0     2.5     3.5     3.7
2016.1444    -8.1     2.3     7.4     2.3    -3.5     3.5
2016.1500    -3.0     2.4     7.2     2.5    -1.4     3.7
2016.1530    -2.2     2.3     5.5     2.4    -2.8     3.6
2016.1553    -2.7     2.4     6.4     2.3    -2.3     3.5
2016.1580    -6.0     2.4     6.7     2.3   -11.0     3.5
2016.1610    -4.2     2.3     7.1     2.3    -5.6     3.6
2016.1640    -5.1     2.3     6.9     2.3     0.5     3.5
2016.1663    -3.7     2.3     5.6     2.3    -0.8     3.5
2016.1690    -0.7     2.3     4.8     2.3     3.3     3.5
2016.1720    -1.8     2.3     5.2     2.3    -1.6     3.6
2016.1750    -4.4     2.3     5.3     2.5    -4.4     3.7
2016.1800    -4.1     2.3     5.8     2.5    -5.1     3.9
2016.1830    -2.8     2.3     6.0     2.7     1.2     4.0
2016.1860    -1.9     2.4     5.3     2.5     0.2     3.8
2016.1882    -1.6     2.2     4.3     2.3     2.0     3.6
2016.1910    -4.5     2.4     6.5     2.5     8.6     3.8
2016.1940    -3.6     2.6     4.9     2.5     6.0     3.7
2016.1964    -1.9     2.4     6.0     2.3     4.8     3.6
2016.1992    -2.6     2.3     6.3     2.3    -1.1     3.4
2016.2020    -2.6     2.5     5.2     2.5    -1.9     3.7
2016.2050    -1.7     2.4     6.2     2.8    -0.5     4.1
2016.2073     0.0     2.3     5.0     2.6    -5.3     3.9
2016.2100    -4.6     2.2     6.8     2.6    -9.3     3.9
2016.2130     1.2     2.4     3.3     2.5    -4.8     3.8
2016.2160    -4.3     2.6     4.6     2.5    -5.2     4.1
2016.2183    -3.9     2.5     3.8     2.3    -1.0     3.7
2016.2210    -3.5     2.5     4.3     2.3    -0.3     3.4
2016.2240    -2.7     2.4     6.8     2.3    -2.4     3.5
2016.2292    -3.8     2.5     5.0     2.3     6.7     3.5
2016.2320    -2.3     2.4     4.9     2.3     3.8     3.4
2016.2350    -1.2     2.2     4.2     2.3     0.0     3.4
2016.2380    -2.5     2.3     4.6     2.3    -0.6     3.6
2016.2402    -3.2     2.3     3.3     2.3    -3.6     3.5
2016.2430    -1.5     2.2     4.2     2.3    -4.7     3.6
2016.2460    -1.1     2.2     4.4     2.5    -4.3     3.6
2016.2484    -0.7     2.3     5.8     2.3    -2.4     3.4
2016.2512    -1.4     2.3     6.1     2.3    -3.0     3.5
2016.2540    -0.3     2.3     4.1     2.4    -4.0     3.7
2016.2570    -6.1     2.3     5.1     2.5    -9.3     3.7
2016.2593    -5.0     2.2     4.8     2.3   -10.4     3.6
2016.2622    -4.7     2.3     5.8     2.5    -8.5     3.8
2016.2650    -1.6     2.3     5.1     2.5    -2.0     3.8
2016.2680    -5.2     2.5     5.3     2.3    -9.9     3.6
2016.2703    -0.8     2.3     3.2     2.3    -6.4     3.5
2016.2730    -2.2     2.4     3.0     2.3    -9.4     3.4
2016.2760    -2.0     2.4     3.8     2.3    -6.2     3.6
2016.2870     0.1     2.3     2.9     2.6    -8.6     4.2
2016.2900    -1.9     2.3     3.0     2.3    -8.5     3.5
2016.2922    -2.2     2.2     2.8     2.5    -7.6     3.9
2016.2950    -0.5     2.3     2.8     2.5    -9.8     3.8
2016.2980    -2.3     2.3     3.5     2.3    -7.2     3.4
2016.3010    -1.8     2.4     3.5     2.3    -8.1     3.4
2016.3032    -0.6     2.6     3.3     2.3    -3.5     3.5
2016.3060    -1.2     2.3     3.5     2.3    -8.6     3.4
2016.3114    -4.0     2.4     0.7     2.3   -19.8     3.6
2016.3142    -0.4     2.4     2.1     2.3    -7.3     3.5
2016.3170    -0.5     2.2     2.8     2.3   -10.5     3.4
2016.3200     1.1     2.2     4.0     2.2   -13.4     3.4
2016.3223     0.5     2.3     2.3     2.3    -9.5     3.5
2016.3250    -0.2     2.2     1.9     2.2   -14.2     3.4
2016.3280    -0.3     2.3     1.9     2.2   -10.9     3.4
2016.3310    -0.3     2.3     3.1     2.3    -7.2     3.6
2016.3333    -0.4     2.3     3.1     2.5    -7.0     3.8
2016.3360    -1.4     2.2     4.1     2.6    -7.5     4.1
2016.3390     0.1     2.2     3.6     2.4    -9.1     3.7
2016.3420    -0.4     2.3     3.6     2.3    -6.5     3.4
2016.3442    -1.6     2.2     2.8     2.3    -7.8     3.5
2016.3470     0.5     2.2     3.3     2.5   -11.4     3.7
2016.3500     1.9     2.3     4.9     2.5    -4.4     3.6
2016.3530    -1.6     2.4     3.7     2.8   -10.2     4.8
2016.3552    -0.2     2.6     1.1     2.7    -8.1     4.2
2016.3580    -1.0     2.5     0.0     2.5   -17.2     3.7
2016.3610     0.8     2.2     1.3     2.5    -8.5     3.8
2016.3634     0.9     2.3     0.5     2.3    -7.0     3.5
2016.3662     0.1     2.4     2.1     2.5    -8.4     3.6
2016.3690     1.0     2.3     1.4     2.5    -8.0     3.9
2016.3720     1.1     3.0     1.8     2.4   -13.4     3.6
2016.3743     0.4     2.6     0.9     2.4    -9.8     3.7
2016.3771     1.0     2.4     3.6     2.4    -3.4     3.7
2016.3800     0.2     2.4     0.4     2.3    -6.1     3.5
2016.3830    -0.2     2.3     2.1     2.3    -3.4     3.5
2016.3853     1.4     2.3     2.2     2.3    -6.5     3.5
2016.3880    -0.6     2.4     2.2     2.3    -4.4     3.6
2016.3910     1.0     2.4     2.8     2.3    -8.4     3.4
2016.3940     1.6     2.4     1.9     2.2    -4.9     3.3
2016.3963    -0.1     2.3     0.9     2.3    -6.2     3.4
2016.3990     1.3     2.3     2.3     2.2   -11.3     3.3
2016.4020     1.6     2.3    -0.1     2.2    -6.5     3.3
2016.4050     1.1     2.3     0.6     2.3    -6.2     3.6
2016.4072     1.7     2.3     1.3     2.5    -8.2     3.7
2016.4100     0.8     2.2     1.5     2.3    -8.6     3.5
2016.4130     0.6     2.2     2.3     2.3    -7.8     3.5
2016.4160     0.8     2.2     1.8     2.3    -3.5     3.5
2016.4182    -0.2     2.2     0.9     2.2   -10.1     3.3
2016.4210     0.4     2.2     0.9     2.3    -2.4     3.4
2016.4240     0.0     2.3    -0.7     2.3   -10.8     3.5
2016.4263     0.1     2.4     2.4     2.3   -10.3     3.5
2016.4291     0.6     2.3     1.4     2.4    -7.0     3.7
2016.4320    -1.1     2.3     0.0     2.6    -7.4     3.9
2016.4350    -0.6     2.3     1.2     2.3    -5.0     3.5
2016.4373     0.4     2.2     2.9     2.3    -6.6     3.5
2016.4400     1.6     2.2     3.0     2.3    -6.5     3.5
2016.4430     0.2     2.3     0.8     2.3    -2.5     3.4
2016.4460     0.3     2.3     0.0     2.3     0.8     3.5
2016.4483     0.8     2.3     1.5     2.3    -3.3     3.4
2016.4510     0.6     2.5     0.5     2.3    -2.7     3.4
2016.4540     1.2     2.3    -1.8     2.5    -5.6     3.8
2016.4570     0.0     2.3    -0.2     2.3    -7.8     3.5
2016.4592     0.9     2.3     0.5     2.3    -7.6     3.3
2016.4620     1.0     2.2     0.2     2.3    -1.9     3.4
2016.4650     1.1     2.3     2.1     2.3    -3.7     3.4
2016.4680     1.4     2.2     0.7     2.3    -2.5     3.4
2016.4702     1.6     2.2     2.9     2.2    -2.5     3.3
2016.4730     1.2     2.5     2.3     2.2    -5.5     3.3
2016.4760     2.5     2.3     1.7     2.3     1.6     3.4
2016.4783     2.3     2.1     1.6     2.3    -3.3     3.5
2016.4812    -1.2     2.2     0.1     2.5    -7.9     3.8
2016.4840     0.4     2.2     0.0     2.3    -7.0     3.5
2016.4870     2.3     2.2    -0.9     2.3    -6.0     3.5
2016.4893     1.4     2.2    -0.4     2.3    -6.9     3.4
2016.4921     0.3     2.2    -1.2     2.3    -3.1     3.4
2016.4950     0.2     2.2    -1.0     2.3    -2.5     3.5
2016.4980     0.4     2.3    -0.3     2.3    -5.6     3.5
2016.5003     1.8     2.4    -1.2     2.3    -4.9     3.4
2016.5030    -0.3     2.3    -1.8     2.3    -5.2     3.4
2016.5060     0.3     2.3     0.4     2.3    -2.6     3.5
2016.5090     1.8     2.2    -0.6     2.3    -3.7     3.5
2016.5113     1.5     2.2     0.0     2.3    -5.0     3.4
2016.5140     0.4     2.3    -2.5     2.3    -6.6     3.4
2016.5170     2.5     2.3    -1.9     2.5    -6.3     3.8
2016.5200     2.7     2.2     0.2     2.5    -6.9     3.9
2016.5222     1.6     2.2    -2.0     2.3    -4.1     3.5
2016.5250     0.5     2.3    -1.8     2.3    -6.9     3.5
2016.5280     1.4     2.3    -1.0     2.3    -8.1     3.5
2016.5310     3.9     2.3    -1.5     2.5    -8.0     4.0
2016.5332     2.4     2.2    -1.7     2.3    -3.2     3.4
2016.5360     1.4     2.4    -1.4     2.3    -2.6     3.5
2016.5390     2.6     2.4    -2.0     2.4    -3.4     3.7
2016.5413     0.5     2.3    -2.1     2.3    -5.5     3.4
2016.5441     3.0     2.3     0.6     2.3    -2.5     3.5
2016.5470     1.9     2.3    -2.2     2.2    -2.7     3.3
2016.5500     4.5     2.5    -2.5     2.3     4.4     3.4
2016.5523     2.6     2.2    -1.2     2.5     4.0     3.8
2016.5550     1.1     2.3    -1.5     2.2     0.5     3.3
2016.5580     2.6     2.4    -0.4     2.5    -2.2     3.7
2016.5610     1.8     2.2    -2.5     2.3    -6.7     3.5
2016.5633     0.7     2.3    -2.4     2.3    -4.3     3.5
2016.5660     2.0     2.2    -1.4     2.5    -1.6     3.9
2016.5690     1.8     2.2    -1.7     2.3    -3.1     3.4
2016.5720     0.8     2.4    -2.2     2.3    -1.7     3.4
2016.5742     2.3     2.2    -2.3     2.3     2.5     3.7
2016.5770     2.7     2.4    -2.8     2.4    -0.3     3.6
2016.5800     1.2     2.3    -3.1     2.3     7.5     3.5
2016.5830     1.7     2.3    -2.7     2.3     4.6     3.4
2016.5852     1.4     2.4    -3.0     2.3    -0.7     3.4
2016.5880     3.6     2.2    -3.5     2.3     6.9     3.5
2016.5910     4.5     2.2    -3.5     2.5     5.0     3.9
2016.5933     3.2     2.4    -3.0     2.5     1.6     3.7
2016.5961     2.9     2.3    -2.6     2.5     3.1     3.7
2016.5990     2.7     2.3    -2.7     2.3     0.4     3.5
2016.6020     2.0     2.2    -3.8     2.3     0.2     3.5
2016.6043     2.2     2.2    -2.8     2.3     2.7     3.5
2016.6071     1.8     2.3    -2.5     2.3     4.1     3.6
2016.6100     4.7     2.4    -3.1     2.5     2.8     3.8
2016.6130     2.6     2.4    -3.1     2.4     7.1     3.6
2016.6153     3.0     2.4    -3.8     2.3     3.1     3.4
2016.6180     1.4     2.3    -4.5     2.3     3.0     3.4
2016.6210     2.0     2.3    -4.8     2.2     3.4     3.3
2016.6240     3.6     2.3    -2.7     2.3     6.4     3.4
2016.6263     3.8     2.3    -4.0     2.3     8.0     3.5
2016.6290     4.7     2.5    -3.6     2.3     7.8     3.5
2016.6320     2.1     2.4    -3.2     2.3     2.7     3.6
2016.6350     1.5     2.2    -6.2     2.3     4.8     3.6
2016.6372     4.1     2.2    -3.7     2.3     8.2     3.4
2016.6400     5.9     2.2    -3.0     2.3    10.3     3.4
2016.6430     4.3     2.2    -2.4     2.3     9.5     3.4
2016.6460     4.9     2.3    -3.1     2.3     2.8     3.6
2016.6481     5.3     2.3    -4.0     2.3     7.7     3.6
2016.6510     4.0     2.3    -4.8     2.4     5.7     3.6
2016.6540     4.1     2.3    -5.5     2.3     2.5     3.5
2016.6563     3.9     2.2    -4.9     2.2     4.6     3.4
2016.6591     3.4     2.2    -5.5     2.2     3.8     3.3
2016.6620     3.6     2.2    -5.8     2.3     7.2     3.4
2016.6650     4.3     2.3    -6.3     2.4     8.3     3.7
2016.6673     3.6     2.3    -7.0     2.3     5.4     3.5
2016.6700     4.3     2.4    -4.9     2.5     8.3     3.9
2016.6730     3.8     2.3    -8.1     2.6    10.7     3.9
2016.6760     4.1     2.2    -8.2     2.8    16.6     4.3
2016.6783     4.1     2.2    -5.8     2.6    11.8     3.9
2016.6810     5.8     2.2    -6.6     2.5    15.1     3.8
2016.6840     6.5     2.3    -7.1     2.3     9.7     3.4
2016.6870     5.0     2.3    -5.5     2.3     7.8     3.6
2016.6892     4.9     2.6    -6.4     2.5     7.2     3.8
2016.6920     3.2     2.5    -8.5     2.3    13.7     3.4
2016.6950     2.7     2.7    -6.8     2.3    11.7     3.5
2016.6980     3.2     2.5    -5.9     2.5    11.0     3.6
2016.7001     4.6     2.4    -6.3     2.3     9.4     3.6
2016.7030     5.5     2.2    -5.2     2.3    10.3     3.6
2016.7060     5.1     2.3    -6.4     2.5    12.8     3.9
2016.7083     4.7     2.5    -7.7     2.5     9.6     3.9
2016.7111     2.1     2.2    -8.2     2.3     6.9     3.5
2016.7140     2.8     2.3    -6.4     2.3     9.3     3.4
2016.7170     3.9     2.3    -5.2     2.3    10.8     3.4
2016.7193     4.3     2.3    -5.8     2.3    10.7     3.6
2016.7221     4.4     2.3    -5.4     2.3     8.1     3.5
2016.7250     5.9     2.4    -5.6     2.3     9.1     3.4
2016.7280     4.6     2.4    -4.9     2.3     8.7     3.4
2016.7303     3.2     2.3    -5.2     2.3     6.9     3.4
2016.7330     4.1     2.2    -6.9     2.3     7.3     3.4
2016.7360     5.9     2.2    -6.6     2.3     4.3     3.6
2016.7390     5.6     2.3    -5.3     2.4     5.0     3.7
2016.7413     4.4     2.3    -5.8     2.5     7.1     3.8
2016.7440     2.3     2.2    -6.3     2.7     9.8     4.1
2016.7470     2.4     2.2    -7.9     2.6     5.4     4.1
2016.7500     4.7     2.2    -7.1     2.7    12.0     4.0
2016.7521     3.8     2.2    -8.3     2.5     9.3     3.7
2016.7550     4.5     2.3    -7.7     2.4     2.6     3.7
2016.7580     5.4     2.4    -7.1     2.3    10.0     3.6
2016.7604     2.0     2.4    -5.6     2.5     5.2     3.8
2016.7631     5.1     2.7    -7.2     2.3    12.8     3.5
2016.7660     5.7     2.6    -7.8     2.3     8.0     3.4
2016.7690     5.4     2.6    -8.0     2.3     5.5     3.4
2016.7713     6.9     2.4    -8.2     2.4     3.1     3.6
2016.7741     6.6     2.4    -8.6     2.3     2.7     3.4
2016.7770     4.9     2.3    -7.4     2.3     4.2     3.6
2016.7800     4.7     2.4    -5.9     2.2     0.7     3.3
2016.7823     2.7     2.3    -9.1     2.3     5.6     3.4
2016.7850     5.4     2.2    -7.1     2.5     5.5     4.0
2016.7880     5.4     2.2    -8.5     2.5     9.1     3.7
2016.7910     0.0     2.3    -7.3     2.3     9.6     3.4
2016.7933     5.2     2.2    -7.8     2.4     7.2     3.6
2016.7960     5.5     2.3    -7.5     2.5     4.8     3.8
2016.7990     5.1     2.2    -6.5     2.3     3.3     3.4
2016.8020     5.8     2.2    -7.3     2.2    10.3     3.3
2016.8041     3.8     2.5    -7.9     2.3     9.6     3.4
2016.8070     4.7     2.4    -7.6     2.2     9.0     3.3
2016.8100     5.0     2.2    -7.2     2.3     7.0     3.4
2016.8151     5.9     2.4    -8.2     2.4     8.0     3.7
2016.8180     3.8     2.4    -9.5     2.7     7.8     4.5
2016.8210     5.4     2.2    -6.7     2.7     8.3     4.0
2016.8233     4.3     2.2    -8.0     2.5     4.6     3.8
2016.8261     4.9     2.2    -7.5     2.5     3.2     3.8
2016.8290     4.5     2.2   -10.0     2.8     5.8     4.0
2016.8320     3.2     2.2    -8.5     2.5    -2.0     3.7
2016.8343     3.5     2.3    -9.9     2.3     1.0     3.5
2016.8371     6.7     2.8   -10.4     2.3     6.2     3.4
2016.8400     7.3     2.6    -9.0     2.5     3.2     3.6
2016.8430     5.7     2.5    -8.8     2.5    -0.8     3.9
2016.8453     6.4     2.4    -9.5     2.3     2.8     3.4
2016.8480     4.0     2.6    -8.4     2.2     5.6     3.3
2016.8510     3.3     2.4    -9.3     2.3     5.6     3.4
2016.8540     3.9     2.3    -9.9     2.3    10.5     3.4
2016.8563     5.3     2.2   -11.2     2.3    10.1     3.5
2016.8590     5.2     2.3   -11.3     2.3     8.6     3.5
2016.8620     5.5     2.6    -9.5     2.5     6.2     3.9
2016.8650     4.5     2.2    -8.7     2.3     6.9     3.5
2016.8671     5.2     2.2    -9.2     2.6    10.1     3.9
2016.8700     5.2     2.2    -9.6     2.5    16.3     3.7
2016.8730     4.7     2.2    -9.2     2.3    12.2     3.4
2016.8754     4.9     2.3   -10.4     2.3    12.9     3.4
2016.8781     5.3     2.3   -10.2     2.3     9.5     3.4
2016.8810     4.6     2.4    -9.7     2.3     7.8     3.4
2016.8840     5.8     2.3   -10.6     2.2     9.6     3.3
2016.8863     7.2     2.5   -10.9     2.2    11.7     3.3
2016.8891     6.5     2.4    -9.4     2.2    14.5     3.3
2016.8920     7.6     2.2   -10.9     2.3    13.7     3.4
2016.8950     7.1     2.2    -9.7     2.3    10.4     3.4
2016.8973     6.0     2.2   -11.9     2.4     7.9     3.6
2016.9000     5.0     2.2   -11.3     2.8     2.0     4.5
2016.9030     5.0     2.2   -11.9     2.8     5.2     4.1
2016.9060     3.4     2.2    -9.4     2.6     5.5     3.8
2016.9083     5.3     2.2   -10.7     2.5     9.1     3.7
2016.9110     5.4     2.2   -11.2     2.3     8.5     3.4
2016.9140     5.4     2.2   -10.2     2.3     4.6     3.4
2016.9170     4.9     2.3    -9.5     2.2     6.7     3.3
2016.9191     6.5     2.8   -11.1     2.3     7.6     3.5
2016.9220     5.3     2.5   -11.9     2.3     4.0     3.4
2016.9250     5.7     2.4   -10.7     2.2     7.1     3.3
2016.9274     5.4     2.4   -10.6     2.2     5.4     3.3
2016.9301     5.7     2.2    -9.9     2.3     7.9     3.5
2016.9330     5.6     2.2   -10.5     2.3     8.2     3.4
2016.9360     6.1     2.2   -10.5     2.3     9.0     3.5
2016.9383     6.3     2.3   -12.4     2.5     4.7     3.6
2016.9411     5.8     2.2   -12.0     2.5     8.0     4.0
2016.9440     4.3     2.2   -10.8     2.3     4.5     3.6
2016.9470     4.1     2.2   -10.2     2.3     7.0     3.5
2016.9493     2.8     2.3   -10.3     2.3    10.3     3.4
2016.9521     5.7     2.2   -11.2     2.3     9.4     3.4
2016.9550     5.9     2.3   -11.5     2.3     8.3     3.4
2016.9580     4.9     2.3   -11.8     2.2     7.1     3.3
2016.9603     5.9     2.4   -12.4     2.3     6.7     3.4
2016.9630     2.8     2.3   -11.4     2.3     7.1     3.5
2016.9660     4.5     2.3   -10.8     2.3     9.1     3.6
2016.9690     4.6     2.2   -12.1     2.3     9.3     3.5
2016.9713     4.7     2.2   -12.0     2.3    11.1     3.4
2016.9740     5.7     2.2   -12.4     2.5    10.6     4.0
2016.9770     5.1     2.2   -11.8     2.5    11.8     3.9
2016.9794     6.2     2.2   -11.0     2.6     8.1     4.0
2016.9821     5.3     2.3   -11.3     2.4     6.6     3.6
2016.9850     4.5     2.3   -14.3     2.5     4.5     3.7
2016.9880     3.3     2.3   -12.6     2.5     6.5     3.7
2016.9904     5.3     2.2   -12.4     2.3    10.6     3.6
2016.9931     5.2     2.4   -11.0     2.2     4.7     3.3
2016.9960     3.5     2.4   -11.4     2.3    -0.1     3.5
2016.9990     6.9     2.5   -11.5     2.3    -0.4     3.4
2017.0013     7.5     2.3   -11.7     2.3     0.7     3.5
2017.0041     3.4     2.4   -10.7     2.4    -1.4     3.6
2017.0070     7.5     2.4   -11.8     2.3     0.7     3.4
2017.0100     6.8     2.3   -10.7     2.4     0.1     3.6
2017.0123     6.8     2.2   -11.1     2.3     7.7     3.7
2017.0150     6.9     2.3   -10.6     2.6     8.2     3.9
2017.0180     5.0     2.2   -11.3     2.5     6.0     3.7
2017.0210     6.6     2.3   -12.9     2.5    10.6     3.7
2017.0233     6.7     2.3   -12.8     2.5     8.4     3.8
2017.0260     6.9     2.2   -11.9     2.4     8.3     3.5
2017.0290     6.3     2.3   -11.9     2.5     9.4     3.7
2017.0314     4.1     2.4   -12.5     2.3     4.6     3.6
2017.0341     4.1     2.5   -13.1     2.3     1.3     3.5
2017.0370     6.4     2.4   -12.9     2.3     8.8     3.4
2017.0400     5.0     2.5   -11.6     2.3     8.7     3.4
2017.0424     6.2     2.4   -12.1     2.3    12.6     3.5
2017.0451     7.9     2.2   -11.7     2.3    13.6     3.5
2017.0480     7.1     2.4   -10.6     2.3    11.6     3.5
2017.0510     7.9     2.3    -9.8     2.5     8.2     3.7
2017.0533    10.5     2.3   -11.5     2.3    15.8     3.7
2017.0561     7.9     2.2   -10.3     2.3     8.9     3.5
2017.0590     7.3     2.2   -11.7     2.5     3.2     3.7
2017.0620     6.6     2.3   -11.8     2.3     2.8     3.5
2017.0643     7.6     2.3   -11.7     2.3     7.8     3.4
2017.0670     7.0     2.3   -10.7     2.3     9.0     3.4
2017.0700     6.8     2.4    -9.8     2.3     8.8     3.4
2017.0730     8.8     2.4   -10.7     2.3     8.6     3.5
2017.0753     8.0     2.3    -9.4     2.3    10.1     3.6
2017.0780     5.9     2.4   -11.0     2.3    10.1     3.5
2017.0810     7.8     2.3   -10.6     2.3     3.1     3.5
2017.0834     8.3     2.2   -10.9     2.5    14.2     3.7
2017.0861     7.0     2.2   -11.4     2.8     5.1     4.5
2017.0890     9.5     2.2   -12.1     2.7    10.6     4.0
2017.0920     7.0     2.3   -12.7     2.6    12.0     3.9
2017.0944     7.1     2.3   -13.1     2.5     9.8     3.8
2017.0971     6.7     2.3   -12.7     2.5     7.4     3.7
2017.1000     7.9     2.3   -10.7     2.6    11.1     3.9
2017.1030     7.9     2.4   -12.2     2.5     8.3     3.6
2017.1053     7.8     2.7   -12.4     2.3     8.0     3.5
2017.1081     8.4     2.4   -12.7     2.3     9.2     3.3
2017.1110     9.8     2.5   -11.8     2.3    10.5     3.5
2017.1140     8.7     2.4   -11.5     2.3     8.1     3.5
2017.1163     8.2     2.4   -12.6     2.3     7.7     3.4
2017.1191     6.0     2.5   -13.1     2.3     6.2     3.4
2017.1220     9.8     2.3   -12.8     2.3     3.6     3.4
2017.1250    10.2     2.3   -11.4     2.2     4.8     3.3
2017.1273    10.2     2.2   -12.1     2.2     8.9     3.3
2017.1300    10.3     2.3   -13.2     2.3     9.9     3.4
2017.1330    10.2     2.3   -11.5     2.4     9.6     3.6
2017.1354     9.3     2.2   -11.6     2.3    13.4     3.6
2017.1383     8.3     2.2   -13.4     2.3    13.1     3.5
2017.1410     8.5     2.2   -14.4     2.3     9.0     3.5
2017.1440     8.4     2.2   -13.7     2.3     5.3     3.4
2017.1464     8.6     2.2   -14.2     2.4     6.3     3.6
2017.1491     9.7     2.2   -14.9     2.3     8.4     3.5
2017.1520     9.5     2.4   -13.2     2.4    11.3     3.7
2017.1550     9.7     2.3   -13.9     2.3    11.2     3.5
2017.1574    10.6     2.3   -13.1     2.2    11.5     3.3
2017.1601     9.0     2.3   -13.5     2.3     8.1     3.6
2017.1683     9.1     2.2   -12.7     2.6     8.5     4.0
2017.1711     9.3     2.4   -12.9     2.5     8.2     3.8
2017.1740     9.0     2.3   -12.7     2.5    11.4     3.7
2017.1770     9.4     2.4   -12.1     2.5     7.0     4.0
2017.1793     9.8     2.3   -12.9     2.6     6.0     4.1
2017.1820    10.9     2.2   -12.2     2.5     5.8     3.7
2017.1850    10.2     2.3   -13.0     2.3     5.4     3.6
2017.1874    11.5     2.4   -12.4     2.5     5.0     3.7
2017.1903    10.6     2.4   -14.7     2.3     8.5     3.6
2017.1930     9.3     2.5   -13.2     2.3    11.2     3.5
2017.1960     9.8     2.4   -14.2     2.4    12.2     3.7
2017.1984     9.7     2.5   -14.7     2.3    12.8     3.4
2017.2011     9.9     2.4   -13.5     2.3     6.3     3.5
2017.2040     9.4     2.6   -13.2     2.3     3.0     3.5
2017.2070    10.8     2.4   -12.1     2.3     3.6     3.6
2017.2094     9.9     2.3   -13.2     2.2     3.0     3.3
2017.2121     9.3     2.4   -14.5     2.2     6.8     3.4
2017.2150    10.3     2.3   -14.2     2.2     8.9     3.3
2017.2180     9.0     2.3   -13.2     2.2     5.7     3.3
2017.2231     9.0     2.4   -15.4     2.6    -0.2     3.9
2017.2260     9.0     2.2   -14.3     2.3     9.8     3.5
2017.2290    10.5     2.3   -15.1     2.3     7.3     3.4
2017.2313    10.3     2.3   -15.9     2.2     4.3     3.3
2017.2341     9.9     2.3   -14.9     2.2     6.6     3.3
2017.2370    10.4     2.2   -15.4     2.6    -3.2     4.3
2017.2400     9.9     2.2   -14.6     2.6     3.8     3.9
2017.2423     9.8     2.2   -15.6     2.5     5.2     3.7
2017.2450    11.5     2.2   -16.0     2.5     2.7     3.9
2017.2480    10.0     2.3   -13.9     2.7     4.1     4.0
2017.2504     9.3     2.5   -15.5     2.4     3.6     3.7
2017.2532    10.6     2.3   -15.5     2.3     6.4     3.4
2017.2590    12.2     2.2   -14.6     2.3    -0.2     3.6
2017.2614    11.6     2.2   -13.7     2.3    -1.8     3.4
2017.2641    10.3     2.2   -13.9     2.3    -1.8     3.3
2017.2670    11.3     2.7   -14.2     2.3     4.6     3.5
2017.2700    12.2     2.5   -14.0     2.3     3.7     3.5
2017.2724    12.3     2.4   -15.1     2.4     4.2     3.6
2017.2751    10.7     2.4   -15.3     2.2     2.1     3.4
2017.2780    13.3     2.6   -15.6     2.3     2.4     3.7
2017.2810    11.0     2.3   -15.1     2.3    -0.6     3.4
2017.2833    12.2     2.2   -16.3     2.2    -1.5     3.4
2017.2861    11.8     2.3   -16.1     2.7    -0.6     4.1
2017.2890    11.7     2.2   -15.9     2.3    -1.2     3.5
2017.2920     8.8     2.1   -15.0     2.3    -1.5     3.6
2017.2943    10.0     2.3   -15.1     2.3     5.1     3.4
2017.2970     9.7     2.3   -16.6     2.3     3.8     3.5
2017.3000    11.3     2.4   -16.2     2.3     2.3     3.5
2017.3024    11.9     2.2   -16.5     2.5     0.2     3.7
2017.3052    11.9     2.4   -15.9     2.3    -2.4     3.6
2017.3080    13.0     2.2   -17.4     2.6     1.5     4.3
2017.3110    13.0     2.2   -14.8     2.5     4.5     3.9
2017.3134     8.5     2.7   -16.7     2.7    -4.8     4.0
2017.3161    10.9     2.3   -17.8     2.5     1.3     3.7
2017.3190    11.2     2.3   -17.1     2.5     6.4     3.8
2017.3220     9.8     2.2   -15.6     2.4     7.9     3.6
2017.3244    11.3     2.3   -15.8     2.5     2.8     3.8
2017.3271    13.1     2.3   -16.9     2.3     5.9     3.7
2017.3300    11.5     2.4   -16.3     2.3     6.3     3.6
2017.3353    11.4     2.3   -17.5     2.3     0.0     3.4
2017.3381    11.5     2.7   -16.3     2.2    -0.9     3.3
2017.3410    11.3     2.4   -17.0     2.2     0.8     3.4
2017.3440    12.1     2.6   -16.4     2.3    -2.8     3.5
2017.3463    13.0     2.4   -15.7     2.2     0.0     3.4
2017.3491    13.0     2.4   -18.4     2.3    -2.5     3.5
2017.3520    13.1     2.4   -17.2     2.3    -0.6     3.4
2017.3544    12.0     2.5   -16.2     2.3    -4.1     3.5
2017.3572    11.7     2.4   -17.5     2.2    -6.2     3.4
2017.3600    12.4     2.3   -18.1     2.2    -2.8     3.3
2017.3630    12.7     2.2   -16.5     2.3    -1.5     3.4
2017.3654    11.5     2.2   -17.3     2.2    -2.0     3.3
2017.3682    12.7     2.2   -17.4     2.2    -1.9     3.3
2017.3710    12.2     2.3   -17.7     2.3    -1.3     3.4
2017.3740    13.2     2.2   -17.8     2.3    -1.3     3.4
2017.3764    13.0     2.3   -17.9     2.3    -2.8     3.4
2017.3791    13.7     2.2   -16.9     2.3    -0.7     3.6
2017.3820     7.8     2.3   -21.0     2.5    -6.1     3.6
2017.3850    10.4     2.2   -18.7     2.7    -2.2     4.1
2017.3874    12.4     2.2   -18.8     2.3    -1.1     3.5
2017.3901    11.5     2.3   -17.8     2.5    -1.8     3.7
2017.3930    12.1     2.2   -17.3     2.3    -3.5     3.4
2017.3960    11.8     2.2   -18.1     2.2    -0.2     3.3
2017.3983    12.3     2.2   -18.2     2.2    -3.6     3.3
2017.4011    13.6     2.2   -17.9     2.2    -4.6     3.3
2017.4040    10.8     2.2   -19.1     2.2    -0.2     3.3
2017.4070    14.2     2.3   -19.1     2.6     0.2     3.9
2017.4093    11.3     2.3   -18.5     2.2    -1.6     3.3
2017.4120    12.1     2.7   -17.6     2.3    -0.8     3.3
2017.4150    12.6     2.3   -19.2     2.2    -4.9     3.3
2017.4174    11.6     2.4   -18.3     2.2    -0.9     3.3
2017.4202    12.5     2.2   -17.0     2.3    -2.0     3.4
2017.4230    10.9     2.2   -19.9     2.2     0.8     3.3
2017.4260    12.3     2.2   -20.0     2.2    -4.7     3.3
2017.4284    12.9     2.2   -19.5     2.2    -2.9     3.3
2017.4311    13.6     2.2   -17.6     2.3     1.3     3.4
2017.4340    12.6     2.5   -17.2     2.2    -3.1     3.3
2017.4370    11.9     2.2   -18.8     2.3    -0.6     3.4
2017.4394    13.3     2.1   -17.5     2.2    -0.6     3.3
2017.4421    12.0     2.2   -17.7     2.3    -0.3     3.5
2017.4450    14.0     2.2   -18.8     2.3     2.8     3.5
2017.4480    13.0     2.2   -18.7     2.3    -0.5     3.4
2017.4503    11.7     2.2   -16.9     2.3     0.3     3.4
2017.4531    12.9     2.2   -18.2     2.2     1.5     3.3
2017.4560    13.4     2.2   -18.6     2.3    -1.1     3.4
2017.4590    14.2     2.2   -19.2     2.3    -1.1     3.6
2017.4613    13.5     2.2   -17.3     2.3    -0.7     3.5
2017.4641    14.0     2.2   -18.7     2.3     0.9     3.5
2017.4670    15.4     2.2   -18.5     2.2    -3.0     3.3
2017.4694    13.4     2.3   -19.6     2.2    -3.3     3.3
2017.4722    12.8     2.3   -18.0     2.3    -1.3     3.5
2017.4750    14.6     2.2   -17.2     2.2    -2.0     3.4
2017.4780    13.8     2.2   -20.1     2.2    -3.1     3.3
2017.4804    12.6     2.2   -19.1     2.3     0.0     3.5
2017.4832    11.3     2.2   -18.3     2.3    -0.6     3.4
2017.4860    15.5     2.3   -20.8     2.3    -1.1     3.4
2017.4890    14.2     2.3   -19.2     2.3     0.3     3.4
2017.4914    14.4     2.3   -16.8     2.2    -0.6     3.3
2017.4941    14.0     2.2   -18.3     2.2    -2.1     3.3
2017.4970    12.6     2.2   -20.5     2.3     3.9     3.4
2017.5000    14.8     2.3   -18.9     2.3     2.9     3.3
2017.5024    12.8     2.2   -18.7     2.3     3.2     3.4
2017.5051    14.1     2.2   -19.0     2.2     0.8     3.3
2017.5080    14.2     2.3   -20.4     2.3     3.7     3.4
2017.5110    14.4     2.2   -17.9     2.3     6.3     3.4
2017.5133    13.8     2.2   -18.9     2.3     1.2     3.5
2017.5161    12.5     2.2   -18.4     2.3     2.9     3.3
2017.5190    15.0     2.2   -19.3     2.3     1.2     3.4
2017.5220    14.5     2.2   -19.7     2.5     0.0     3.7
2017.5242    14.4     2.2   -19.4     2.2    -1.7     3.3
2017.5270    13.6     2.2   -19.7     2.2     2.0     3.3
2017.5300    13.7     2.2   -18.5     2.3     2.0     3.3
2017.5324    14.4     2.2   -19.4     2.3     1.8     3.4
2017.5352    14.4     2.2   -18.9     2.2     4.5     3.3
2017.5380    15.5     2.2   -17.9     2.3     1.1     3.4
2017.5410    13.8     2.3   -19.6     2.6     4.6     4.0
2017.5434    15.0     2.1   -17.8     2.5     6.8     3.8
2017.5461    15.9     2.2   -19.3     2.3    10.0     3.5
2017.5490    12.4     2.4   -20.4     2.3    -4.1     3.5
2017.5520    14.8     2.2   -19.5     2.3    -0.4     3.5
2017.5544    15.5     2.2   -19.2     2.3     1.4     3.5
2017.5571    15.5     2.1   -18.6     2.3     1.7     3.5
2017.5600    16.0     2.2   -18.8     2.4    -0.7     3.7
2017.5630    14.4     2.2   -20.2     2.3     0.4     3.5
2017.5653    15.5     2.2   -18.9     2.3     6.4     3.6
2017.5681    15.1     2.5   -18.9     2.3     0.6     3.4
2017.5710    16.0     2.4   -20.9     2.3     3.4     3.4
2017.5740    15.5     2.3   -18.7     2.3     2.5     3.4
2017.5762    15.8     2.3   -18.9     2.2     2.0     3.3
2017.5791    16.1     2.3   -19.6     2.2     2.8     3.4
2017.5820    15.1     2.3   -20.5     2.2     4.1     3.3
2017.5844    14.8     2.3   -19.3     2.2     5.8     3.3
2017.5872    15.6     2.4   -19.2     2.2     0.0     3.3
2017.5900    16.9     2.3   -20.6     2.3     3.8     3.5
2017.5930    14.7     2.3   -21.0     2.4    -1.7     3.6
2017.5954    16.1     2.2   -20.9     2.5     2.6     3.6
2017.5982    14.9     2.2   -21.0     2.3     6.9     3.4
2017.6010    16.4     2.2   -21.2     2.2     4.6     3.3
2017.6040    17.3     2.2   -20.2     2.3     3.0     3.4
2017.6064    17.3     2.2   -20.2     2.8     3.4     4.2
2017.6091    16.1     2.2   -20.7     2.3     5.7     3.4
2017.6120    15.5     2.2   -20.9     2.7     3.2     4.2
2017.6150    17.2     2.2   -19.5     2.3     6.0     3.4
2017.6174    15.5     2.3   -20.6     2.3     8.8     3.4
2017.6201    15.6     2.3   -20.1     2.3     9.4     3.4
2017.6230    13.6     2.3   -19.9     2.2     4.5     3.4
2017.6260    15.5     2.2   -19.6     2.3     3.7     3.5
2017.6282    15.5     2.2   -20.7     2.5     5.0     3.7
2017.6311    16.7     2.2   -21.0     2.6     6.3     3.9
2017.6340    11.4     2.6   -22.9     2.6    -1.3     3.9
2017.6370    17.8     2.2   -21.1     2.6     4.9     3.9
2017.6392    17.1     2.5   -22.4     2.3     4.5     3.5
2017.6420    13.7     2.2   -22.3     2.5     8.1     3.8
2017.6450    17.6     2.2   -24.4     2.6     0.9     4.3
2017.6474    17.6     2.2   -22.0     2.3     1.8     3.6
2017.6502    16.8     2.2   -24.2     2.3     7.9     3.4
2017.6530    15.4     2.3   -22.6     2.2     4.6     3.3
2017.6560    17.1     2.4   -22.7     2.3     8.5     3.7
2017.6584    16.7     2.5   -22.1     2.3     7.5     3.4
2017.6611    19.1     2.5   -22.4     2.3    11.2     3.4
2017.6640    11.1     2.5   -26.1     2.3     7.1     3.4
2017.6670    18.6     2.3   -21.7     2.5    10.0     4.0
2017.6694    16.6     2.4   -21.6     2.3     9.2     3.7
2017.6721    15.4     2.7   -24.3     2.5     4.9     3.9
2017.6750    16.7     2.3   -22.2     2.3     2.3     3.5
2017.6780    15.1     2.2   -23.9     2.5     3.1     3.6
2017.6802    16.5     2.2   -22.0     2.3     2.7     3.5
2017.6831    16.6     2.4   -21.6     2.2     2.3     3.3
2017.6860    16.8     2.2   -22.3     2.5     3.0     3.9
2017.6890    18.6     2.2   -22.1     2.9     6.7     4.5
2017.6912    16.8     2.2   -23.1     2.2     9.2     3.4
2017.6970    16.6     2.5   -22.5     2.3    10.6     3.4
2017.6994    15.7     2.4   -23.0     2.3    11.4     3.6
2017.7022    17.5     2.4   -21.5     2.3     7.2     3.4
2017.7050    14.7     2.3   -22.3     2.5     5.6     3.7
2017.7080    16.3     2.3   -24.3     2.5    11.6     3.7
2017.7104    15.8     2.3   -24.5     2.7     4.6     3.8
2017.7132    14.6     2.2   -25.6     2.3     6.9     3.5
2017.7160    18.1     2.4   -24.0     2.4     2.0     3.6
2017.7190    17.8     2.8   -24.0     2.3     7.1     3.6
2017.7214    18.7     2.2   -23.4     2.3     6.0     3.5
2017.7241    18.2     2.3   -23.7     2.3     3.3     3.4
2017.7270    17.7     2.2   -23.6     2.3     7.0     3.5
2017.7300    18.0     2.3   -23.9     2.3     4.3     3.4
2017.7324    18.8     2.3   -23.9     2.2     6.7     3.4
2017.7351    17.5     2.4   -22.8     2.3     7.7     3.5
2017.7380    18.2     2.4   -24.0     2.2     4.1     3.3
2017.7410    18.5     2.5   -23.1     2.5     8.5     3.8
2017.7432    17.9     2.3   -23.4     2.8     6.5     4.3
2017.7460    18.2     2.4   -24.5     2.5     9.8     3.7
2017.7490    18.5     2.3   -23.4     2.3     5.8     3.5
2017.7520    19.6     2.3   -24.0     2.3     7.0     3.5
2017.7542    16.5     2.2   -25.1     2.3     1.3     3.4
2017.7570    18.0     2.3   -23.7     2.3     8.8     3.5
2017.7600    19.2     2.2   -23.7     2.3     5.6     3.7
2017.7624    17.5     2.2   -23.7     2.3     6.8     3.4
2017.7652    18.3     2.2   -25.0     2.3     8.5     3.4
2017.7680    18.1     2.2   -23.2     2.3    15.6     3.3
2017.7710    16.2     2.4   -24.2     2.2     7.7     3.3
2017.7734    16.4     2.7   -23.7     2.3     3.7     3.3
2017.7761    18.0     2.4   -25.0     2.2     6.8     3.3
2017.7790    18.9     2.3   -25.9     2.6     6.7     4.0
2017.7820    16.9     2.3   -26.6     2.5     5.7     3.6
2017.7844    16.4     2.2   -25.7     2.6     3.3     4.0
2017.7871    18.2     2.3   -24.6     2.5     2.9     3.8
2017.7900    17.6     2.4   -25.7     2.6     1.5     3.9
2017.7930    17.1     2.2   -25.5     2.3     5.9     3.5
2017.7952    16.3     2.2   -23.7     2.3     3.7     3.5
2017.7980    15.7     2.1   -25.8     2.3     3.1     3.4
2017.8010    18.8     2.2   -25.9     2.5     4.4     3.8
2017.8040    15.6     2.1   -23.3     2.3    10.5     3.6
2017.8062    15.6     2.2   -24.2     2.4     8.4     3.6
2017.8090    14.0     2.5   -22.9     2.3    15.1     3.5
2017.8120    14.8     2.3   -23.6     2.3     9.5     3.4
2017.8144    16.1     2.5   -24.8     2.5    11.6     3.7
2017.8172    17.7     2.4   -23.7     2.5    10.9     3.9
2017.8200    16.9     2.5   -28.7     2.5     0.5     3.8
2017.8230    16.0     2.3   -26.0     2.3     4.2     3.5
2017.8254    13.9     2.3   -25.6     2.3    -5.3     3.4
2017.8282    15.8     2.2   -27.7     2.3    -5.6     3.3
2017.8310    15.7     2.4   -27.6     2.3    -3.1     3.4
2017.8340    17.4     2.3   -26.6     2.3     8.7     3.4
2017.8391    16.9     2.3   -27.1     2.3     7.1     3.5
2017.8420    16.0     2.3   -26.8     2.3     4.5     3.5
2017.8450    18.5     2.2   -25.6     2.3     4.4     3.4
2017.8474    18.5     2.4   -25.4     2.2     3.1     3.3
2017.8500    18.0     2.4   -27.3     2.2     2.8     3.3
2017.8530    17.9     2.5   -29.6     2.5    -1.7     3.9
2017.8560    17.2     2.3   -28.4     3.0    -2.2     4.7
2017.8582    18.0     2.2   -26.7     2.6    -0.4     3.9
2017.8610    18.7     2.1   -25.8     2.5     1.3     3.8
2017.8640    17.1     2.2   -25.9     2.3     6.5     3.5
2017.8670    16.9     2.2   -26.6     2.2     7.9     3.3
2017.8692    18.2     2.3   -27.8     2.2     7.0     3.3
2017.8720    17.9     2.3   -28.0     2.5     7.0     3.7
2017.8750    18.5     2.3   -27.9     2.4     2.0     3.7
2017.8774    16.6     2.2   -27.8     2.3     1.4     3.6
2017.8802    17.0     2.2   -27.3     2.3    -1.1     3.5
2017.8830    19.8     2.2   -26.6     2.3     1.4     3.5
2017.8860    20.2     2.6   -26.5     2.2     0.3     3.3
2017.8884    19.0     2.9   -26.5     2.3    -0.5     3.4
2017.8911    16.8     2.5   -25.4     2.6     2.0     4.0
2017.8940    16.7     2.4   -26.5     2.3     6.4     3.5
2017.8970    17.6     2.3   -27.8     2.3     5.0     3.5
2017.8994    17.3     2.2   -27.7     2.5    10.0     3.7
2017.9020    13.2     2.2   -24.9     2.3   -10.0     3.5
2017.9050    17.8     2.4   -26.6     2.3     8.7     3.4
2017.9080    18.9     2.3   -25.2     2.3    -0.4     3.5
2017.9130    16.8     2.3   -26.1     2.3     4.1     3.5
2017.9160    18.8     2.3   -26.2     2.4     6.7     3.7
2017.9190    16.6     2.3   -27.4     2.3     5.2     3.4
2017.9212    16.8     2.2   -27.2     2.2    -0.7     3.4
2017.9240    18.3     2.2   -25.8     2.3     3.6     3.4
2017.9270    18.0     2.5   -25.1     2.3     0.8     3.5
2017.9294    19.3     2.3   -26.0     2.8    -3.5     4.3
2017.9322    18.8     2.3   -26.0     2.3     7.1     3.6
2017.9350    18.1     2.4   -27.2     2.3    -1.7     3.4
2017.9380    14.7     2.3   -26.7     2.3    -5.6     3.5
2017.9404    18.2     2.2   -25.3     2.3     3.8     3.5
2017.9432    19.8     2.3   -26.8     2.3     6.3     3.4
2017.9460    19.8     2.3   -27.3     2.3    11.8     3.6
2017.9490    19.2     2.3   -26.7     2.3    15.0     3.6
2017.9514    18.4     2.3   -26.0     2.2     7.8     3.3
2017.9541    19.1     2.2   -26.2     2.3     4.9     3.4
2017.9570    18.2     2.2   -26.7     2.2     8.6     3.3
2017.9600    16.2     2.2   -27.6     2.2    14.3     3.3
2017.9624    14.9     2.3   -26.4     2.5    12.4     3.8
2017.9650    18.4     2.7   -26.9     2.3    12.1     3.6
2017.9680    18.3     2.3   -26.8     2.3    10.7     3.5
2017.9710    18.5     2.2   -27.2     2.3     6.8     3.4
2017.9732    19.0     2.3   -28.4     2.3     5.7     3.4
2017.9760    17.9     2.3   -27.7     2.2     5.2     3.3
2017.9790    18.0     2.2   -27.5     2.3     0.5     3.5
2017.9820    18.5     2.3   -28.3     2.3     0.5     3.4
2017.9842    19.7     2.3   -27.8     2.4     3.4     3.6
2017.9900    17.7     2.2   -30.2     2.3     5.4     3.6
2017.9924    16.8     2.2   -28.9     2.3     8.0     3.4
2017.9952    18.2     2.2   -28.9     2.3     4.9     3.4
2017.9980    17.1     2.2   -30.0     2.3     6.2     3.5
2018.0010    17.7     2.4   -29.2     2.3     4.2     3.5
2018.0034    18.0     2.3   -29.8     2.4     6.1     3.7
2018.0061    17.5     2.3   -29.3     2.3     3.6     3.4
2018.0090    17.6     2.2   -29.7     2.2     5.7     3.4
2018.0120    17.6     2.2   -28.4     2.3     1.7     3.5
2018.0144    19.1     2.2   -28.0     2.3     2.5     3.4
2018.0170    20.1     2.3   -27.9     2.2     5.5     3.3
2018.0200    18.4     2.2   -28.1     2.3    13.1     3.4
2018.0230    17.5     2.3   -27.9     2.3     7.5     3.4
2018.0252    18.8     2.3   -28.0     2.3     6.3     3.5
2018.0280    18.2     2.2   -28.5     2.3     9.2     3.4
2018.0310    17.1     2.2   -28.5     2.3     5.1     3.4
2018.0340    16.5     2.3   -29.2     2.3     5.9     3.4
2018.0362    17.2     2.3   -29.1     2.3     6.4     3.4
2018.0390    18.2     2.3   -30.1     2.3     4.6     3.6
2018.0420    17.6     2.2   -29.6     2.3     2.8     3.5
2018.0444    17.7     2.2   -29.3     2.3     3.4     3.4
2018.0472    19.5     2.3   -28.9     2.2     1.5     3.3
2018.0500    17.0     2.2   -27.7     2.2     1.4     3.4
2018.0530    17.7     2.2   -30.1     2.3     5.0     3.6
2018.0554    18.2     2.2   -27.4     2.3     8.0     3.6
2018.0582    19.8     2.2   -27.8     2.3    12.5     3.7
2018.0610    18.8     2.3   -28.7     2.3     9.3     3.6
2018.0640    19.0     2.2   -28.3     2.3     7.2     3.4
2018.0664    18.7     2.2   -28.2     2.3     4.8     3.4
2018.0690    20.1     2.2   -29.0     2.5     4.4     3.7
2018.0720    19.2     2.2   -29.8     2.3    10.1     3.5
2018.0750    18.9     2.3   -30.2     2.3     7.9     3.4
2018.0773    19.0     2.3   -29.6     2.3     4.6     3.5
2018.0800    19.0     2.2   -32.2     2.3     0.9     3.5
2018.0830    18.4     2.2   -30.3     2.2     2.1     3.4
2018.0860    20.7     2.2   -29.8     2.4     0.1     3.7
2018.0882    18.2     2.3   -28.8     2.3     3.4     3.6
2018.0910    19.2     2.3   -31.2     2.3     7.8     3.6
2018.0940    17.6     2.4   -31.2     2.3     9.2     3.4
2018.0970    18.9     2.3   -29.9     2.3    14.8     3.5
2018.0992    20.7     2.2   -29.4     2.3    11.7     3.5
2018.1020    16.1     2.2   -28.3     2.3     6.0     3.6
2018.1050    19.3     2.4   -29.7     2.2    14.1     3.4
2018.1074    19.3     2.3   -31.3     2.3    10.9     3.5
2018.1102    18.8     2.2   -30.8     2.3    13.7     3.5
2018.1130    19.3     2.3   -31.1     2.3    10.8     3.5
2018.1160    19.9     2.3   -31.1     2.3     8.9     3.4
2018.1184    19.2     2.2   -30.6     2.3    13.8     3.4
2018.1210    19.0     2.3   -32.3     2.3    17.4     3.5
2018.1240    19.4     2.3   -31.1     2.3    14.4     3.5
2018.1270    20.0     2.3   -31.5     2.3    13.2     3.5
2018.1293    20.7     2.2   -30.9     2.3    11.5     3.4
2018.1320    20.4     2.3   -28.8     2.3     6.3     3.6
2018.1350    18.6     2.3   -30.3     2.5     7.4     3.7
2018.1380    18.6     2.3   -30.9     2.5     5.1     3.8
2018.1402    18.4     2.2   -31.5     2.3     7.1     3.5
2018.1430    19.2     2.3   -30.8     2.3     1.6     3.5
2018.1460    19.2     2.3   -31.2     2.3     5.5     3.7
2018.1490    19.4     2.3   -29.7     2.6     8.4     3.9
2018.1512    19.3     2.2   -30.2     2.3     6.4     3.7
2018.1540    19.1     2.2   -29.6     2.3     1.0     3.6
2018.1570    19.9     2.3   -28.1     2.3     2.8     3.6
2018.1594    20.7     2.3   -29.5     2.3    -1.3     3.6
2018.1622    21.1     2.3   -29.5     2.3     2.3     3.7
2018.1650    20.0     2.2   -29.0     2.3     2.7     3.7
2018.1680    19.4     2.3   -30.5     2.3     0.8     3.5
2018.1704    19.3     2.4   -31.2     2.3     0.5     3.6
2018.1732    22.1     2.4   -31.2     2.3     2.0     3.6
2018.1760    21.5     2.3   -31.3     2.2     2.1     3.4
2018.1790    21.4     2.3   -28.6     2.3     1.3     3.5
2018.1813    20.0     2.4   -30.7     2.3     0.9     3.4
2018.1840    19.0     2.5   -30.3     2.3     5.3     3.4
2018.1870    21.5     2.4   -31.2     2.3    -0.3     3.6
2018.1900    21.4     2.3   -31.2     2.5     0.1     3.8
2018.1923    21.4     2.3   -30.7     2.3     2.7     3.5
2018.1950    21.5     2.3   -29.8     2.2     1.8     3.3
2018.1980    21.0     2.4   -31.3     2.2     3.5     3.3
2018.2010    22.5     2.4   -28.9     2.2     1.6     3.4
2018.2032    22.9     2.3   -31.1     2.5    -0.8     4.0
2018.2060    24.4     2.3   -30.2     2.5    -1.1     4.0
2018.2090    23.8     2.3   -29.1     2.3     1.8     3.6
2018.2120    22.4     2.2   -31.0     2.3     7.2     3.7
2018.2142    24.3     2.3   -31.6     2.4     6.2     3.7
2018.2170    23.6     2.2   -30.9     2.3     6.0     3.5
2018.2200    22.4     2.2   -31.6     2.3     5.0     3.6
2018.2224    21.4     2.3   -32.9     2.3     4.2     3.5
2018.2252    23.5     2.5   -32.9     2.3     4.1     3.6
2018.2280    22.2     2.3   -32.3     2.4     0.7     3.7
2018.2310    22.3     2.2   -32.4     2.5     0.8     3.8
2018.2333    23.0     2.2   -32.1     2.3     1.0     3.6
2018.2360    23.3     2.2   -31.4     2.3     2.9     3.6
2018.2390    22.8     2.5   -31.0     2.3     0.5     3.4
2018.2420    24.4     2.5   -31.7     2.2     0.0     3.4
2018.2443    24.0     2.3   -30.9     2.2     3.1     3.4
2018.2470    23.7     2.4   -31.6     2.3    -1.9     3.5
2018.2500    24.8     2.4   -31.4     2.2     0.4     3.4
2018.2552    23.7     2.3   -32.8     2.3    -0.2     3.6
2018.2580    22.8     2.3   -33.7     2.2     0.8     3.4
2018.2610    22.3     2.3   -33.3     2.3     3.3     3.5
2018.2640    22.2     2.3   -32.6     2.3     3.4     3.4
2018.2662    22.0     2.3   -32.8     2.3     4.5     3.5
2018.2690    20.8     2.4   -32.4     2.3     4.2     3.5
2018.2720    24.1     2.3   -32.9     2.5     6.9     3.8
2018.2772    22.8     2.3   -32.6     2.3     8.0     3.6
2018.2800    22.8     2.2   -32.5     2.5     7.7     3.7
2018.2830    23.7     2.2   -33.5     2.5     4.9     3.8
2018.2854    23.2     2.2   -33.1     2.3     2.3     3.6
2018.2882    23.3     2.3   -33.4     2.4     1.0     3.7
2018.2910    22.7     2.2   -33.2     2.3     4.5     3.6
2018.2940    26.6     2.3   -33.5     2.3     8.4     3.6
2018.2963    25.7     2.2   -32.3     2.3     1.0     3.5
2018.2990    24.4     2.3   -33.0     2.2     1.3     3.4
2018.3020    24.1     2.2   -34.9     2.4    -1.8     3.7
2018.3050    21.5     2.3   -33.5     2.4    -4.1     3.6
2018.3073    23.2     2.3   -33.8     2.3     3.8     3.5
2018.3100    25.0     2.4   -34.8     2.5     5.7     3.8
2018.3130    23.0     2.3   -34.3     2.3     1.0     3.5
2018.3160    23.0     2.4   -34.1     2.3     6.2     3.5
2018.3182    24.6     2.5   -34.3     2.2     2.6     3.4
2018.3210    25.1     2.3   -33.1     2.3     4.6     3.5
2018.3240    22.9     2.4   -33.6     2.2     2.9     3.4
2018.3270    25.5     2.3   -33.1     2.2     6.8     3.4
2018.3292    24.2     2.3   -34.8     2.2     7.6     3.4
2018.3320    24.3     2.3   -32.8     2.3     4.6     3.5
2018.3350    23.1     2.2   -35.4     2.2     7.0     3.4
2018.3374    23.0     2.5   -34.1     2.3     5.9     3.5
2018.3402    24.4     2.4   -34.1     2.3     7.2     3.4
2018.3430    23.7     2.3   -32.5     2.3     7.1     3.6
2018.3460    23.0     2.4   -34.0     2.5     4.1     3.9
2018.3483    23.2     2.3   -33.9     2.5     9.6     3.7
2018.3510    24.2     2.3   -34.0     2.3     4.9     3.5
2018.3540    26.9     2.2   -33.5     2.5     4.6     3.7
2018.3570    27.1     2.3   -32.3     2.5     2.3     3.8
2018.3593    25.9     2.2   -32.2     2.5     4.4     3.8
2018.3620    22.1     2.2   -32.8     2.5    -1.5     3.7
2018.3650    22.0     2.2   -34.7     2.3     0.9     3.6
2018.3680    24.1     2.2   -32.6     2.4     1.8     3.6
2018.3702    24.9     2.2   -33.8     2.3     3.6     3.4
2018.3730    24.0     2.3   -34.0     2.3     3.9     3.4
